Date,Open,High,Low,Close,Volume,Adj Close
2010-11-05,62.49,62.80,61.82,62.78,2732900,62.78
2010-11-04,62.32,62.98,61.82,62.50,3722900,62.50
2010-11-03,63.09,63.33,62.67,63.00,2670400,63.00
2010-11-02,63.16,63.32,62.59,63.00,1820400,63.00
2010-11-01,62.89,63.50,62.41,62.55,2261000,62.55
2010-10-29,63.58,64.06,62.63,62.71,3419300,62.71
2010-10-28,62.60,64.92,62.26,63.85,5739200,63.85
2010-10-27,59.76,62.63,59.66,62.48,3926400,62.48
2010-10-26,59.25,60.10,58.30,59.99,3342400,59.99
2010-10-25,59.13,60.19,59.01,59.90,3173600,59.90
2010-10-22,58.54,58.97,58.15,58.75,1348600,58.75
2010-10-21,58.52,58.75,57.58,58.31,1524900,58.31
2010-10-20,58.02,59.21,57.73,58.66,2185000,58.66
2010-10-19,58.39,58.88,57.73,58.27,2128900,58.27
2010-10-18,57.38,58.55,57.26,58.53,1589000,58.53
2010-10-15,57.24,57.67,56.67,57.66,2364300,57.66
2010-10-14,56.93,57.24,56.49,56.98,1461500,56.98
2010-10-13,56.99,57.49,56.73,57.19,1364000,57.19
2010-10-12,57.06,57.10,55.98,56.93,1753700,56.93
2010-10-11,57.49,57.64,56.83,57.06,1316300,57.06
2010-10-08,57.05,58.20,56.92,57.59,2185400,57.59
2010-10-07,56.63,57.38,56.22,57.24,1490200,57.24
2010-10-06,57.32,57.34,56.20,56.63,2112700,56.63
2010-10-05,56.99,57.86,56.66,57.53,2021600,57.53
2010-10-04,56.75,57.49,56.41,56.66,2498100,56.66
2010-10-01,56.00,56.55,55.63,56.53,2598400,56.53
2010-09-30,55.71,56.34,55.47,56.12,2945000,56.12
2010-09-29,55.48,55.74,54.93,55.36,2482200,55.36
2010-09-28,55.17,56.20,54.38,55.42,2833700,55.42
2010-09-27,56.25,56.33,54.74,54.79,2294000,54.79
2010-09-24,55.77,56.78,55.66,56.42,2946600,56.42
2010-09-23,54.62,55.80,54.13,55.24,3208000,55.24
2010-09-22,54.80,56.10,54.48,54.86,8035500,54.86
2010-09-21,57.64,58.28,57.21,58.23,2373200,58.23
2010-09-20,58.00,58.22,57.26,57.80,2348000,57.80
2010-09-17,57.76,58.33,57.55,57.92,3223900,57.92
2010-09-16,58.37,58.64,57.45,57.67,1809300,57.67
2010-09-15,57.45,58.52,57.45,58.42,1814000,58.42
2010-09-14,57.50,58.09,57.33,57.91,1549100,57.91
2010-09-13,57.85,58.00,57.47,57.81,1464100,57.81
2010-09-10,57.26,57.86,56.95,57.68,1145300,57.68
2010-09-09,57.23,57.44,56.60,57.01,2217400,57.01
2010-09-08,56.30,57.27,56.28,57.15,2202200,57.15
2010-09-07,55.98,56.44,55.67,56.14,2493000,56.14
2010-09-03,55.66,56.25,55.35,56.24,1489400,56.24
2010-09-02,55.23,55.49,54.66,55.25,1358200,55.25
2010-09-01,54.48,55.63,53.97,55.31,1559900,55.31
2010-08-31,53.80,54.30,53.24,53.80,2015500,53.80
2010-08-30,54.32,54.83,53.76,53.92,1325100,53.92
2010-08-27,54.00,54.92,53.14,54.60,1704400,54.60
2010-08-26,55.50,55.50,53.82,53.91,2401300,53.91
2010-08-25,53.68,55.73,53.59,55.37,3220400,55.37
2010-08-24,54.67,54.69,53.60,53.84,1780600,53.84
2010-08-23,55.47,56.09,54.75,54.91,1166600,54.91
2010-08-20,55.17,55.67,54.52,55.38,2368500,55.38
2010-08-19,56.21,56.28,54.68,55.06,2326000,55.06
2010-08-18,56.27,57.13,55.85,56.52,1629000,56.52
2010-08-17,56.25,57.38,55.88,56.91,1954300,56.91
2010-08-16,55.79,56.03,55.16,55.85,1725400,55.85
2010-08-13,56.08,56.43,55.68,55.94,2013500,55.94
2010-08-12,55.14,57.06,55.14,56.61,2313100,56.61
2010-08-11,57.15,57.37,55.58,55.80,2862600,55.80
2010-08-10,57.20,58.16,56.28,57.86,1877000,57.86
2010-08-09,57.88,57.88,57.21,57.58,1382200,57.58
2010-08-06,56.62,57.73,56.03,57.66,2118100,57.66
2010-08-05,57.41,57.55,56.77,57.16,1959600,57.16
2010-08-04,57.23,57.90,56.85,57.39,2730700,57.39
2010-08-03,57.25,57.87,56.96,57.34,3250100,57.34
2010-08-02,56.59,57.32,56.45,57.19,2673700,57.19
2010-07-30,54.62,56.30,54.21,55.88,5111700,55.88
2010-07-29,56.36,57.00,55.46,56.53,3652700,56.53
2010-07-28,57.58,57.75,55.89,55.92,7050200,55.92
2010-07-27,57.61,58.06,56.63,57.75,5557900,57.75
2010-07-26,53.91,58.16,53.91,57.89,7694200,57.89
2010-07-23,55.88,56.48,52.40,53.47,7235500,53.47
2010-07-22,55.18,56.49,55.11,56.17,3925200,56.17
2010-07-21,54.15,56.40,53.59,54.97,6481500,54.97
2010-07-20,52.65,54.13,51.74,54.02,4645500,54.02
2010-07-19,52.06,53.32,51.77,53.18,2853100,53.18
2010-07-16,53.29,53.78,51.84,51.86,3174900,51.86
2010-07-15,52.99,53.58,52.62,53.43,2423500,53.43
2010-07-14,52.40,53.00,52.29,52.97,1766100,52.97
2010-07-13,51.87,52.96,51.86,52.68,2178100,52.68
2010-07-12,51.09,52.00,51.05,51.66,1949100,51.66
2010-07-09,51.09,51.77,50.75,51.71,2697400,51.71
2010-07-08,49.96,51.00,49.85,50.85,2883400,50.85
2010-07-07,48.35,49.91,48.18,49.84,2683700,49.84
2010-07-06,49.68,49.68,48.09,48.38,4234800,48.38
2010-07-02,47.50,50.91,47.50,49.42,9247400,49.42
2010-07-01,47.70,47.76,46.15,46.73,4042500,46.73
2010-06-30,48.51,49.05,47.43,47.45,3765500,47.45
2010-06-29,49.04,49.09,48.09,48.70,2757200,48.70
2010-06-28,49.58,49.94,48.81,49.57,1759200,49.57
2010-06-25,49.50,50.28,49.18,49.57,8681200,49.57
2010-06-24,49.46,49.88,49.07,49.38,1879900,49.38
2010-06-23,49.44,49.88,49.22,49.69,1805400,49.69
2010-06-22,49.73,50.55,49.46,49.54,2456700,49.54
2010-06-21,50.02,50.28,49.39,49.49,2623600,49.49
2010-06-18,49.12,50.15,49.10,49.86,5777600,49.86
2010-06-17,48.22,49.09,48.22,49.01,2752600,49.01
2010-06-16,47.92,48.47,47.77,48.35,1993200,48.35
2010-06-15,47.12,48.18,46.93,48.12,3091400,48.12
2010-06-14,46.43,47.48,46.38,46.79,3087000,46.79
2010-06-11,47.39,47.62,45.96,46.22,5927500,46.22
2010-06-10,47.72,48.26,47.29,48.14,2922000,48.14
2010-06-09,47.10,47.81,46.37,47.08,2906800,47.08
2010-06-08,48.20,48.23,46.56,46.85,4041700,46.85
2010-06-07,48.05,48.27,47.63,47.64,2879100,47.64
2010-06-04,48.50,48.84,47.77,47.84,3961400,47.84
2010-06-03,48.25,49.34,48.09,49.25,3064500,49.25
2010-06-02,47.20,48.43,46.98,48.35,3027200,48.35
2010-06-01,47.25,48.10,46.98,47.22,3682400,47.22
2010-05-28,48.14,48.44,47.43,47.43,4610200,47.43
2010-05-27,47.94,48.30,47.40,48.28,3515600,48.28
2010-05-26,48.09,48.74,47.32,47.36,3773700,47.36
2010-05-25,47.77,48.43,47.10,48.35,2739100,48.35
2010-05-24,48.77,48.97,48.23,48.27,3856200,48.27
2010-05-21,48.91,50.01,48.73,48.98,5046900,48.98
2010-05-20,49.58,50.31,49.25,49.25,3899600,49.25
2010-05-19,50.51,51.04,50.01,50.46,2533100,50.46
2010-05-18,50.69,51.25,50.45,50.70,2410300,50.70
2010-05-17,49.80,50.68,49.29,50.57,2257100,50.57
2010-05-14,51.20,51.36,49.64,50.13,4030000,50.13
2010-05-13,51.74,51.89,51.33,51.40,1659100,51.40
2010-05-12,51.32,52.06,50.85,52.04,2375100,52.04
2010-05-11,50.93,51.71,50.72,51.38,2877300,51.38
2010-05-10,51.29,51.80,50.74,51.13,3245400,51.13
2010-05-07,49.80,51.02,49.36,50.39,4704300,50.39
2010-05-06,52.58,52.58,49.43,50.70,4393100,50.70
2010-05-05,52.33,52.91,52.02,52.70,2541100,52.70
2010-05-04,53.00,53.09,51.80,52.30,2288900,52.30
2010-05-03,53.50,53.92,53.26,53.60,2057900,53.60
2010-04-30,53.51,54.04,53.13,53.29,3348900,53.29
2010-04-29,52.23,53.70,51.80,53.31,3556000,53.31
2010-04-28,52.19,52.68,52.06,52.12,2421200,52.12
2010-04-27,52.15,53.13,52.02,52.10,3761500,52.10
2010-04-26,52.35,52.79,52.10,52.25,2290900,52.25
2010-04-23,52.13,52.63,51.88,52.59,2519600,52.59
2010-04-22,52.61,52.61,51.62,52.03,4324100,52.03
2010-04-21,53.40,53.80,52.40,52.72,4325200,52.72
2010-04-20,54.40,54.97,53.26,53.91,3533200,53.91
2010-04-19,53.64,55.05,53.50,54.79,3076100,54.79
2010-04-16,54.20,54.28,53.12,53.64,4198100,53.64
2010-04-15,54.72,55.03,53.93,54.41,2795400,54.41
2010-04-14,54.81,55.23,54.05,54.96,4327000,54.96
2010-04-13,55.78,56.07,54.90,55.07,4166100,55.07
2010-04-12,56.52,56.52,55.69,56.00,2397400,56.00
2010-04-09,56.34,56.90,56.30,56.52,2716000,56.52
2010-04-08,57.30,57.30,56.19,56.43,2395400,56.43
2010-04-07,57.75,57.77,56.99,57.27,1869100,57.27
2010-04-06,57.42,57.89,57.27,57.50,1422600,57.50
2010-04-05,57.56,57.96,57.13,57.53,1142200,57.53
2010-04-01,57.80,57.99,57.03,57.52,1564700,57.52
2010-03-31,57.50,57.94,57.24,57.39,1620500,57.39
2010-03-30,58.22,58.45,57.50,57.71,2030100,57.71
2010-03-29,57.92,58.70,57.89,58.42,1800700,58.42
2010-03-26,58.57,58.76,57.82,58.15,1347000,58.15
2010-03-25,59.27,59.27,58.27,58.27,2407000,58.27
2010-03-24,59.76,59.80,58.72,58.85,1809200,58.85
2010-03-23,59.67,59.94,59.41,59.84,1232300,59.84
2010-03-22,59.78,60.28,59.57,59.82,2156500,59.82
2010-03-19,59.82,60.17,58.59,59.63,5024800,59.63
2010-03-18,59.12,59.35,58.32,59.20,2512000,59.20
2010-03-17,59.54,59.73,59.23,59.36,1982700,59.36
2010-03-16,59.23,59.85,58.64,59.73,3238200,59.73
2010-03-15,58.86,58.99,58.31,58.90,1407400,58.90
2010-03-12,58.81,58.93,58.08,58.76,1468700,58.76
2010-03-11,58.55,58.86,57.72,58.78,1865700,58.78
2010-03-10,57.91,58.96,57.90,58.71,2248600,58.71
2010-03-09,57.64,58.31,57.53,57.84,2195300,57.84
2010-03-08,56.99,58.48,56.91,57.67,3064900,57.67
2010-03-05,56.67,57.21,56.61,57.21,1526500,57.21
2010-03-04,56.79,56.90,56.34,56.66,1377900,56.66
2010-03-03,57.26,57.59,56.71,56.79,1990500,56.79
2010-03-02,56.54,57.47,56.52,57.31,2530800,57.31
2010-03-01,55.48,56.90,55.34,56.78,2567900,56.78
2010-02-26,54.81,55.19,54.54,55.01,2847100,55.01
2010-02-25,54.30,54.97,54.03,54.89,2826200,54.89
2010-02-24,55.30,55.95,54.74,55.29,5288000,55.29
2010-02-23,55.63,56.12,54.85,55.25,2910600,55.25
2010-02-22,56.53,56.66,55.53,55.67,2170300,55.67
2010-02-19,55.88,56.99,55.49,56.61,3057000,56.61
2010-02-18,56.03,56.37,55.80,55.98,2593500,55.98
2010-02-17,55.31,56.26,55.31,56.23,2497800,56.23
2010-02-16,55.55,55.77,54.92,55.12,3277000,55.12
2010-02-12,55.08,55.80,54.72,55.21,2954300,55.21
2010-02-11,54.12,55.92,53.92,55.69,2824200,55.69
2010-02-10,54.20,54.91,54.07,54.39,2562700,54.39
2010-02-09,53.88,54.88,53.33,54.09,2965000,54.09
2010-02-08,53.54,53.56,52.47,52.84,2852400,52.84
2010-02-05,53.14,53.70,52.23,53.53,3638700,53.53
2010-02-04,54.17,54.46,52.99,53.10,2799600,53.10
2010-02-03,54.52,54.81,54.03,54.60,2155700,54.60
2010-02-02,53.76,54.95,53.24,54.94,2178500,54.94
2010-02-01,53.41,53.93,52.98,53.91,2481700,53.91
2010-01-29,53.31,53.91,53.01,53.74,3127900,53.74
2010-01-28,54.28,54.51,52.60,53.27,3314100,53.27
2010-01-27,52.47,53.62,52.37,53.58,2963800,53.58
2010-01-26,52.52,53.11,52.16,53.00,2346700,53.00
2010-01-25,53.22,53.50,52.17,52.67,2265300,52.67
2010-01-22,53.19,53.71,52.60,53.06,3167800,53.06
2010-01-21,54.53,54.53,52.67,53.21,4731200,53.21
2010-01-20,55.04,55.37,54.01,54.72,2634100,54.72
2010-01-19,54.29,55.31,54.29,55.23,2941500,55.23
2010-01-15,54.06,54.85,53.78,54.18,2997200,54.18
2010-01-14,53.81,54.36,53.59,54.36,1769900,54.36
2010-01-13,53.33,54.33,52.96,54.08,2130600,54.08
2010-01-12,53.66,54.03,52.94,53.25,3242900,53.25
2010-01-11,54.10,54.35,53.53,53.90,1813300,53.90
2010-01-08,53.00,54.33,52.81,54.08,2996300,54.08
2010-01-07,53.23,53.50,52.46,52.99,3659900,52.99
2010-01-06,53.10,53.70,52.80,53.43,5555800,53.43
2010-01-05,54.72,55.00,53.00,53.38,4899400,53.38
2010-01-04,53.97,53.97,53.60,53.64,2469700,53.64
2009-12-31,53.81,53.83,53.31,53.50,1680400,53.50
2009-12-30,53.35,54.00,53.15,53.70,1861000,53.70
2009-12-29,53.37,53.56,53.09,53.40,2020000,53.40
2009-12-28,52.16,53.29,52.16,53.27,2181900,53.27
2009-12-24,52.22,52.50,51.91,52.24,630900,52.24
2009-12-23,52.49,52.77,52.16,52.16,3345000,52.16
2009-12-22,51.09,52.63,51.02,52.32,4175900,52.32
2009-12-21,50.21,51.25,50.21,51.09,3636100,51.09
2009-12-18,49.52,50.45,49.31,50.07,6382400,50.07
2009-12-17,50.00,50.07,49.11,49.45,3977200,49.45
2009-12-16,49.49,50.47,49.31,50.25,4815200,50.25
2009-12-15,48.94,49.56,48.34,49.43,3072800,49.43
2009-12-14,48.75,49.25,48.75,48.87,2715400,48.87
2009-12-11,48.33,48.93,48.17,48.65,2581500,48.65
2009-12-10,48.11,48.66,48.11,48.26,2182800,48.26
2009-12-09,47.90,48.26,47.55,48.17,2942600,48.17
2009-12-08,47.95,48.25,47.46,48.06,2831400,48.06
2009-12-07,47.96,48.45,47.82,48.30,2471600,48.30
2009-12-04,47.63,48.30,47.52,48.18,2882900,48.18
2009-12-03,47.64,47.95,47.29,47.38,2436800,47.38
2009-12-02,47.91,48.32,47.47,47.74,2629800,47.74
2009-12-01,47.10,48.00,46.94,47.84,2296700,47.84
2009-11-30,47.40,47.59,46.93,46.94,3450600,46.94
2009-11-27,46.44,47.71,46.11,46.92,1476200,46.92
2009-11-25,47.26,47.70,47.18,47.45,1477700,47.45
2009-11-24,47.01,47.49,46.79,47.38,3118800,47.38
2009-11-23,46.67,47.20,46.35,46.79,2437600,46.79
2009-11-20,45.60,46.52,45.56,46.38,2829100,46.38
2009-11-19,46.10,46.30,45.54,45.85,3073600,45.85
2009-11-18,45.95,46.33,45.68,46.16,2593800,46.16
2009-11-17,46.23,46.41,45.88,46.05,4285700,46.05
2009-11-16,46.77,46.95,46.40,46.53,5304900,46.53
2009-11-13,46.33,47.06,46.31,46.72,2806600,46.72
2009-11-12,46.36,46.80,46.10,46.50,3910200,46.50
2009-11-11,45.46,46.55,45.45,46.43,3894300,46.43
2009-11-10,45.03,46.15,45.00,45.51,4664700,45.51
2009-11-09,45.64,45.76,44.91,45.41,4801800,45.41
2009-11-06,44.44,46.47,44.11,45.76,8636900,45.76
2009-11-05,43.00,44.72,42.99,44.39,6792100,44.39
2009-11-04,43.31,43.31,42.68,42.80,5209500,42.80
2009-11-03,42.70,43.44,42.54,43.25,4420200,43.25
2009-11-02,42.86,43.29,42.31,42.59,4535300,42.59
2009-10-30,42.85,43.41,42.10,42.13,3532100,42.13
2009-10-29,43.63,43.71,41.75,43.08,5338600,43.08
2009-10-28,44.12,44.96,43.48,43.53,3395700,43.53
2009-10-27,44.28,45.11,44.25,44.55,4735200,44.55
2009-10-26,43.83,44.66,43.55,44.13,4805800,44.13
2009-10-23,45.00,45.09,43.58,43.81,11117100,43.81
2009-10-22,46.38,47.59,46.30,47.23,3647200,47.23
2009-10-21,47.41,47.66,46.26,46.43,6037200,46.43
2009-10-20,48.32,48.80,47.33,48.06,5792300,48.06
2009-10-19,49.36,50.01,49.03,49.39,2301000,49.39
2009-10-16,49.53,49.68,48.58,49.20,3509800,49.20
2009-10-15,49.97,50.07,49.57,49.79,3262100,49.79
2009-10-14,49.14,50.28,49.14,50.04,3249900,50.04
2009-10-13,48.53,48.98,48.38,48.80,1378700,48.80
2009-10-12,49.10,49.35,48.36,48.69,1592300,48.69
2009-10-09,48.93,49.05,48.41,49.01,1560100,49.01
2009-10-08,49.59,49.59,48.47,48.60,1871900,48.60
2009-10-07,49.42,49.42,48.72,49.17,1383400,49.17
2009-10-06,48.68,49.46,48.35,49.02,1967700,49.02
2009-10-05,48.90,48.98,48.34,48.54,2096700,48.54
2009-10-02,49.48,49.48,48.69,48.89,2453200,48.89
2009-10-01,50.44,50.48,49.25,49.34,3249500,49.34
2009-09-30,50.89,50.90,49.87,50.52,3463300,50.52
2009-09-29,50.56,52.12,50.00,51.41,4462000,51.41
2009-09-28,50.12,51.25,50.03,50.57,1407800,50.57
2009-09-25,50.33,50.37,50.00,50.11,2121200,50.11
2009-09-24,50.35,50.64,49.99,50.23,1682200,50.23
2009-09-23,50.57,51.04,50.17,50.23,1340900,50.23
2009-09-22,50.84,50.95,49.90,50.53,1829400,50.53
2009-09-21,49.82,51.36,49.30,50.89,2482200,50.89
2009-09-18,50.81,50.81,49.84,50.00,3794800,50.00
2009-09-17,51.27,51.35,50.25,50.45,3203700,50.45
2009-09-16,51.40,51.72,51.06,51.55,2481500,51.55
2009-09-15,50.60,51.49,50.40,51.41,2046200,51.41
2009-09-14,50.35,51.20,50.35,50.83,2294100,50.83
2009-09-11,50.63,50.99,50.08,50.84,1929400,50.84
2009-09-10,51.21,51.21,50.21,50.33,2538700,50.33
2009-09-09,51.13,51.50,50.49,51.04,2861500,51.04
2009-09-08,51.06,51.70,51.01,51.18,2888800,51.18
2009-09-04,50.90,51.09,50.29,51.01,4276300,51.01
2009-09-03,49.07,49.97,49.05,49.91,2371600,49.91
2009-09-02,48.78,49.47,48.64,49.19,2061800,49.19
2009-09-01,49.61,50.61,48.98,49.24,3144400,49.24
2009-08-31,49.28,50.35,49.22,50.20,2688000,50.20
2009-08-28,50.23,50.41,49.53,49.93,1952300,49.93
2009-08-27,49.28,50.23,49.24,50.05,2476900,50.05
2009-08-26,49.59,50.00,49.42,49.92,1916400,49.92
2009-08-25,49.55,49.90,49.29,49.71,1965600,49.71
2009-08-24,49.59,49.84,49.19,49.53,1692900,49.53
2009-08-21,49.45,50.43,49.16,49.97,2238200,49.97
2009-08-20,49.05,49.85,48.93,49.57,1777300,49.57
2009-08-19,48.11,49.13,47.91,49.03,2245100,49.03
2009-08-18,48.10,48.55,47.85,48.35,1981400,48.35
2009-08-17,48.34,48.63,47.90,48.25,2010200,48.25
2009-08-14,48.67,48.87,47.77,48.78,2125500,48.78
2009-08-13,49.04,49.45,48.70,48.92,2654900,48.92
2009-08-12,47.70,49.44,47.51,49.00,3684400,49.00
2009-08-11,47.59,48.09,47.49,47.81,1746400,47.81
2009-08-10,47.29,48.00,47.04,47.93,1929400,47.93
2009-08-07,46.81,47.75,46.81,47.28,1600300,47.28
2009-08-06,47.58,47.60,46.39,46.65,2779000,46.65
2009-08-05,48.55,48.61,47.49,47.62,2298600,47.62
2009-08-04,47.97,48.72,47.84,48.61,1675200,48.61
2009-08-03,47.47,48.40,47.22,48.36,2462000,48.36
2009-07-31,47.49,48.39,47.45,47.55,2568600,47.55
2009-07-30,48.89,48.94,47.29,47.36,3567000,47.36
2009-07-29,48.70,49.07,47.82,48.12,3228100,48.12
2009-07-28,49.14,49.76,48.74,49.02,2422700,49.02
2009-07-27,48.60,49.54,48.49,49.21,2140300,49.21
2009-07-24,48.60,49.01,47.83,48.98,1589300,48.98
2009-07-23,46.97,48.99,46.75,48.59,3743300,48.59
2009-07-22,47.72,47.72,46.52,46.86,2409900,46.86
2009-07-21,46.94,47.84,46.48,47.76,2763100,47.76
2009-07-20,46.13,47.23,45.95,46.92,4685600,46.92
2009-07-17,46.75,47.18,45.87,46.07,3379300,46.07
2009-07-16,47.77,48.30,46.72,47.10,4984800,47.10
2009-07-15,46.19,46.74,46.01,46.67,3611400,46.67
2009-07-14,46.62,47.27,45.69,45.94,4111200,45.94
2009-07-13,45.01,46.48,44.90,46.16,3634000,46.16
2009-07-10,45.13,45.80,44.53,44.75,3146400,44.75
2009-07-09,45.07,45.80,44.67,45.43,2509200,45.43
2009-07-08,45.00,45.55,44.74,44.86,3458200,44.86
2009-07-07,45.08,45.25,44.41,44.49,2638100,44.49
2009-07-06,44.88,45.40,44.58,45.22,2731900,45.22
2009-07-02,46.71,47.22,44.80,45.00,5113000,45.00
2009-07-01,45.33,47.41,45.33,46.77,5721100,46.77
2009-06-30,47.14,47.14,44.56,45.15,8872800,45.15
2009-06-29,47.83,48.30,46.30,47.32,7032100,47.32
2009-06-26,49.71,50.23,49.54,50.07,2281900,50.07
2009-06-25,49.13,50.13,48.61,49.99,2303000,49.99
2009-06-24,48.71,49.49,48.25,49.23,2412600,49.23
2009-06-23,49.43,49.58,48.50,48.73,2417800,48.73
2009-06-22,50.64,51.04,48.59,49.10,4710100,49.10
2009-06-19,52.49,52.88,51.40,51.67,4628800,51.67
2009-06-18,52.62,52.62,51.39,51.99,1704100,51.99
2009-06-17,51.00,52.62,50.49,51.82,2347000,51.82
2009-06-16,50.35,51.39,50.04,50.89,2247700,50.89
2009-06-15,50.44,50.73,49.61,50.19,2846400,50.19
2009-06-12,51.15,51.66,50.80,51.38,1826600,51.38
2009-06-11,51.74,52.17,50.93,51.46,2735500,51.46
2009-06-10,51.75,52.77,51.28,51.62,2058100,51.62
2009-06-09,52.20,52.83,51.77,52.38,1803100,52.38
2009-06-08,52.37,52.64,51.41,51.83,1856300,51.83
2009-06-05,53.21,53.44,50.29,52.12,3439300,52.12
2009-06-04,53.40,54.00,53.02,53.15,2822600,53.15
2009-06-03,52.16,54.50,51.63,53.43,3815500,53.43
2009-06-02,50.47,52.99,50.45,52.32,3177500,52.32
2009-06-01,52.25,52.30,50.63,50.90,2414100,50.90
2009-05-29,51.07,51.79,50.48,51.79,2073000,51.79
2009-05-28,51.25,51.59,50.22,51.10,1851900,51.10
2009-05-27,51.44,51.84,50.31,50.98,2656300,50.98
2009-05-26,49.63,51.39,49.25,51.24,3047200,51.24
2009-05-22,50.73,51.29,50.24,50.39,1285500,50.39
2009-05-21,51.05,51.90,50.08,50.73,2095000,50.73
2009-05-20,51.25,52.36,50.93,51.64,3029300,51.64
2009-05-19,50.36,50.99,50.12,50.83,2575100,50.83
2009-05-18,49.49,50.70,49.04,50.70,2652800,50.70
2009-05-15,48.67,49.49,48.15,49.07,2439200,49.07
2009-05-14,48.83,49.72,48.52,49.00,2634100,49.00
2009-05-13,49.00,49.78,48.21,48.52,2405600,48.52
2009-05-12,49.15,49.87,48.13,49.20,2888700,49.20
2009-05-11,48.00,49.37,47.40,49.14,2430700,49.14
2009-05-08,47.43,49.05,46.77,48.60,4733500,48.60
2009-05-07,46.75,47.93,46.07,47.20,4087200,47.20
2009-05-06,46.72,47.21,45.50,46.71,2822900,46.71
2009-05-05,46.60,47.98,46.18,46.43,1789500,46.43
2009-05-04,46.48,47.36,46.01,46.61,2903900,46.61
2009-05-01,47.65,48.30,46.00,46.26,3139500,46.26
2009-04-30,47.52,48.34,46.88,48.34,4157200,48.34
2009-04-29,48.01,48.80,47.17,47.42,4216900,47.42
2009-04-28,45.96,47.67,45.91,47.33,2850300,47.33
2009-04-27,45.85,46.80,45.85,46.13,3141400,46.13
2009-04-24,46.13,46.90,45.72,46.08,4226500,46.08
2009-04-23,46.49,46.69,45.70,45.98,3254400,45.98
2009-04-22,46.76,48.01,46.52,47.05,2907400,47.05
2009-04-21,48.83,48.83,46.98,47.55,2955700,47.55
2009-04-20,49.25,49.50,47.90,48.35,3989200,48.35
2009-04-17,50.64,51.23,49.97,50.09,4393100,50.09
2009-04-16,52.28,52.56,50.89,51.49,3767400,51.49
2009-04-15,51.01,51.77,50.30,51.18,3366200,51.18
2009-04-14,52.43,53.00,51.34,51.49,2244300,51.49
2009-04-13,52.50,53.49,52.50,52.52,1821500,52.52
2009-04-09,54.15,54.24,51.60,52.96,3857000,52.96
2009-04-08,51.63,55.34,51.59,53.64,6906000,53.64
2009-04-07,49.26,53.83,48.68,52.09,9833200,52.09
2009-04-06,50.01,50.31,49.06,49.63,2328300,49.63
2009-04-03,51.85,52.62,49.86,50.32,2794600,50.32
2009-04-02,52.50,52.67,51.53,52.20,2767900,52.20
2009-04-01,51.47,52.09,50.70,51.88,2904600,51.88
2009-03-31,52.82,53.32,52.14,52.42,3236200,52.42
2009-03-30,52.49,53.00,51.40,52.54,4321100,52.54
2009-03-27,52.72,53.34,51.77,52.28,3642700,52.28
2009-03-26,51.76,53.50,51.25,52.66,4395700,52.66
2009-03-25,51.43,52.30,50.03,51.52,3320700,51.52
2009-03-24,50.92,52.12,50.38,50.85,2608000,50.85
2009-03-23,50.60,51.50,50.14,51.50,3294400,51.50
2009-03-20,51.16,51.69,49.95,49.97,4952900,49.97
2009-03-19,50.36,50.72,49.57,50.62,2880700,50.62
2009-03-18,49.26,50.96,48.93,50.06,3101400,50.06
2009-03-17,47.41,49.80,47.41,49.63,3677100,49.63
2009-03-16,49.31,49.31,47.25,47.58,2668100,47.58
2009-03-13,48.80,49.18,48.25,48.50,2546700,48.50
2009-03-12,45.81,49.13,45.81,48.88,2989300,48.88
2009-03-11,45.83,46.87,45.35,46.09,3730900,46.09
2009-03-10,44.70,46.00,43.61,45.66,3429800,45.66
2009-03-09,43.53,45.87,43.20,43.83,3983000,43.83
2009-03-06,43.60,44.37,42.92,44.23,4499300,44.23
2009-03-05,45.00,45.59,43.45,43.64,3332900,43.64
2009-03-04,45.51,46.92,44.13,46.20,3500500,46.20
2009-03-03,44.98,45.39,43.00,44.61,3045900,44.61
2009-03-02,45.21,45.63,43.86,44.00,4216400,44.00
2009-02-27,47.08,47.62,45.55,46.04,5631100,46.04
2009-02-26,51.48,51.48,47.44,47.69,4007100,47.69
2009-02-25,49.35,51.66,49.25,50.55,4318800,50.55
2009-02-24,49.98,50.86,47.57,49.65,6415200,49.65
2009-02-23,50.81,51.00,49.34,49.38,4099400,49.38
2009-02-20,50.45,51.00,49.71,50.78,3519000,50.78
2009-02-19,50.79,51.63,50.47,50.76,2137100,50.76
2009-02-18,51.30,51.39,50.34,50.86,3469900,50.86
2009-02-17,51.41,52.13,50.85,51.11,2714700,51.11
2009-02-13,52.69,53.00,51.74,52.42,1590900,52.42
2009-02-12,50.48,52.61,50.34,52.61,2460100,52.61
2009-02-11,51.87,51.87,50.36,51.04,1995300,51.04
2009-02-10,51.40,52.58,50.48,50.87,2968000,50.87
2009-02-09,51.28,52.24,50.50,52.16,3742000,52.16
2009-02-06,51.20,53.48,50.90,52.48,7642400,52.48
2009-02-05,51.87,53.38,51.84,53.28,4946100,53.28
2009-02-04,52.26,53.66,52.08,52.75,5722200,52.75
2009-02-03,50.25,52.49,49.83,52.46,4443100,52.46
2009-02-02,48.15,50.22,48.05,50.11,3096600,50.11
2009-01-30,49.15,49.70,47.94,48.65,3397700,48.65
2009-01-29,49.16,50.39,48.75,49.28,2947300,49.28
2009-01-28,49.10,51.74,48.75,49.81,4144200,49.81
2009-01-27,50.04,50.20,48.79,49.27,4394900,49.27
2009-01-26,47.99,49.02,47.40,48.51,4489700,48.51
2009-01-23,48.00,48.61,46.31,47.42,7972800,47.42
2009-01-22,51.19,52.17,50.50,50.88,2959100,50.88
2009-01-21,49.61,52.35,49.44,52.17,5185000,52.17
2009-01-20,51.28,51.78,49.54,49.55,4827500,49.55
2009-01-16,50.19,51.36,49.60,51.05,5976800,51.05
2009-01-15,47.38,49.90,47.27,49.29,3454000,49.29
2009-01-14,49.84,49.84,48.09,48.09,3234300,48.09
2009-01-13,48.32,50.34,48.32,49.63,4576000,49.63
2009-01-12,46.80,49.49,46.80,48.45,2953300,48.45
2009-01-09,47.81,49.09,47.51,48.25,3767700,48.25
2009-01-08,46.21,48.05,46.13,47.95,3235800,47.95
2009-01-07,46.27,46.88,45.69,46.81,3381300,46.81
2009-01-06,47.71,48.06,46.08,46.47,3442100,46.47
2009-01-05,47.47,47.65,45.43,47.44,4439100,47.44
2009-01-02,47.49,48.56,46.69,48.49,2372900,48.49
2008-12-31,47.94,48.32,47.19,47.63,2117000,47.63
2008-12-30,46.95,47.99,46.50,47.68,1632600,47.68
2008-12-29,47.27,47.96,46.20,46.54,1526100,46.54
2008-12-26,47.46,47.74,47.02,47.31,591000,47.31
2008-12-24,47.29,47.70,46.76,47.20,544600,47.20
2008-12-23,47.81,48.74,46.84,47.05,1668900,47.05
2008-12-22,46.63,47.90,46.21,47.26,2888700,47.26
2008-12-19,48.00,48.29,46.33,46.75,6310900,46.75
2008-12-18,47.86,49.28,47.35,48.01,3434300,48.01
2008-12-17,48.39,48.83,47.46,47.65,3378100,47.65
2008-12-16,46.19,49.19,46.19,49.12,4789300,49.12
2008-12-15,46.20,46.87,45.62,46.18,3876100,46.18
2008-12-12,44.00,47.00,44.00,47.00,5959100,47.00
2008-12-11,47.84,48.98,46.88,47.15,2841700,47.15
2008-12-10,47.09,49.07,47.03,48.05,2993500,48.05
2008-12-09,47.51,49.58,46.28,46.60,4957300,46.60
2008-12-08,44.95,48.51,44.74,48.17,6625300,48.17
2008-12-05,40.30,44.45,40.30,44.25,3706700,44.25
2008-12-04,41.31,42.43,41.00,41.70,3181900,41.70
2008-12-03,40.76,42.44,40.57,42.12,4187000,42.12
2008-12-02,39.61,41.60,39.25,41.43,3528300,41.43
2008-12-01,41.43,41.92,39.01,39.02,3576400,39.02
2008-11-28,41.53,42.55,41.16,42.31,1307100,42.31
2008-11-26,40.39,42.04,39.34,42.00,3099800,42.00
2008-11-25,40.56,41.68,39.91,40.72,3595400,40.72
2008-11-24,40.30,41.07,39.62,40.64,3829800,40.64
2008-11-21,39.90,40.49,37.21,39.64,6564800,39.64
2008-11-20,40.91,42.46,39.53,39.77,4586300,39.77
2008-11-19,43.87,44.60,40.27,41.06,3951300,41.06
2008-11-18,43.20,44.35,42.09,43.80,4061500,43.80
2008-11-17,43.40,45.07,42.35,43.13,3158400,43.13
2008-11-14,46.71,46.71,43.21,43.52,3454400,43.52
2008-11-13,44.37,46.75,42.59,46.70,3740900,46.70
2008-11-12,46.03,46.62,44.09,44.26,2867900,44.26
2008-11-11,47.00,47.80,45.66,46.80,3081100,46.80
2008-11-10,47.21,47.92,46.08,46.72,1812000,46.72
2008-11-07,45.06,46.76,45.06,46.35,2600500,46.35
2008-11-06,44.19,45.27,43.83,44.60,3039700,44.60
2008-11-05,46.50,47.40,44.35,44.84,5329600,44.84
2008-11-04,47.31,47.98,46.10,47.16,4344300,47.16
2008-11-03,44.26,46.49,44.20,46.31,5348600,46.31
2008-10-31,40.35,43.13,39.61,42.55,5464600,42.55
2008-10-30,39.80,41.06,39.17,40.30,9427000,40.30
2008-10-29,42.57,44.15,41.50,41.94,5922100,41.94
2008-10-28,41.88,42.74,41.36,42.35,6278100,42.35
2008-10-27,41.21,42.80,39.61,40.25,3885500,40.25
2008-10-24,38.08,42.51,38.04,41.42,3954900,41.42
2008-10-23,40.38,42.00,38.58,41.39,4845800,41.39
2008-10-22,42.56,42.67,39.93,40.72,5734200,40.72
2008-10-21,47.00,47.15,43.50,43.99,4794200,43.99
2008-10-20,45.64,47.94,44.13,47.49,4130300,47.49
2008-10-17,42.40,48.50,41.80,45.45,5008400,45.45
2008-10-16,42.72,44.46,40.80,43.98,6283700,43.98
2008-10-15,45.13,46.78,42.39,42.46,4349800,42.46
2008-10-14,48.31,48.99,45.19,45.19,4445200,45.19
2008-10-13,43.98,47.32,42.44,47.13,5542200,47.13
2008-10-10,43.08,45.98,40.39,42.78,8277800,42.78
2008-10-09,47.14,47.34,44.66,44.76,5216400,44.76
2008-10-08,45.96,48.74,45.41,46.31,5444600,46.31
2008-10-07,49.57,50.68,46.32,46.50,5955000,46.50
2008-10-06,50.16,51.61,46.67,49.39,6986500,49.39
2008-10-03,50.15,52.36,50.15,50.50,4086600,50.50
2008-10-02,49.59,50.13,48.11,49.68,3636000,49.68
2008-10-01,49.15,49.88,48.06,49.59,3218600,49.59
2008-09-30,49.96,50.66,48.37,50.29,5044200,50.29
2008-09-29,49.46,51.84,48.89,48.89,7654300,48.89
2008-09-26,47.99,50.10,47.50,49.77,3734000,49.77
2008-09-25,48.24,49.38,47.59,48.83,3008700,48.83
2008-09-24,47.26,47.52,46.29,46.72,3181200,46.72
2008-09-23,48.43,49.90,46.92,47.13,3358600,47.13
2008-09-22,50.13,50.34,48.07,48.10,3344000,48.10
2008-09-19,48.92,50.07,47.14,49.98,7303600,49.98
2008-09-18,46.25,48.57,45.38,47.14,5314400,47.14
2008-09-17,47.21,48.23,45.37,45.37,5068900,45.37
2008-09-16,46.52,48.93,46.52,48.48,4234800,48.48
2008-09-15,47.99,48.22,46.46,46.59,4276800,46.59
2008-09-12,48.62,49.37,47.59,48.70,3356400,48.70
2008-09-11,46.55,48.68,46.55,48.47,5972600,48.47
2008-09-10,47.34,47.56,46.55,47.30,5302900,47.30
2008-09-09,47.41,48.73,46.72,46.72,4202300,46.72
2008-09-08,47.86,48.62,47.11,47.50,4589300,47.50
2008-09-05,48.28,48.91,47.25,48.59,4003800,48.59
2008-09-04,49.82,50.29,48.12,48.16,5622500,48.16
2008-09-03,50.38,50.73,49.79,50.17,2897900,50.17
2008-09-02,51.89,52.37,49.96,50.34,3261700,50.34
2008-08-29,51.00,51.63,50.58,50.93,2924300,50.93
2008-08-28,51.04,51.62,50.63,51.33,2983100,51.33
2008-08-27,52.31,52.48,50.38,51.09,5472400,51.09
2008-08-26,54.15,54.67,51.87,52.09,4753400,52.09
2008-08-25,52.34,53.64,52.00,53.48,5144900,53.48
2008-08-22,52.84,53.33,52.36,52.38,3216100,52.38
2008-08-21,54.07,54.10,52.60,53.16,2248300,53.16
2008-08-20,54.40,55.16,53.56,54.10,2418600,54.10
2008-08-19,53.99,55.21,53.81,54.30,2926400,54.30
2008-08-18,54.90,55.45,54.12,54.43,3054100,54.43
2008-08-15,54.86,55.24,54.01,54.65,3912600,54.65
2008-08-14,52.31,54.18,52.00,53.73,3626800,53.73
2008-08-13,52.49,52.82,51.84,52.47,3974100,52.47
2008-08-12,51.25,52.42,51.01,52.21,5337700,52.21
2008-08-11,50.35,50.86,49.90,50.76,3797500,50.76
2008-08-08,49.99,50.99,49.88,49.90,3633000,49.90
2008-08-07,50.13,51.70,49.76,49.88,5472600,49.88
2008-08-06,50.39,50.93,49.87,50.22,7269500,50.22
2008-08-05,50.74,51.04,50.00,50.51,7365300,50.51
2008-08-04,50.97,51.37,49.64,49.74,8889200,49.74
2008-08-01,51.66,53.52,49.84,50.01,36988100,50.01
2008-07-31,72.09,73.59,69.70,69.76,8795600,69.76
2008-07-30,70.34,71.50,69.63,71.27,2794600,71.27
2008-07-29,69.92,70.84,69.57,70.50,3797400,70.50
2008-07-28,69.70,70.98,69.10,69.49,3143700,69.49
2008-07-25,71.05,71.05,69.48,69.50,3511000,69.50
2008-07-24,70.64,72.30,70.26,71.28,4153600,71.28
2008-07-23,71.41,72.34,70.00,71.38,5535300,71.38
2008-07-22,68.45,71.76,68.45,71.28,8678700,71.28
2008-07-21,67.01,68.57,66.46,66.85,5540800,66.85
2008-07-18,62.72,65.20,62.54,64.65,4266400,64.65
2008-07-17,63.68,63.93,62.45,63.00,3452800,63.00
2008-07-16,63.84,64.70,62.79,63.58,4204100,63.58
2008-07-15,61.27,64.67,60.99,63.48,5493500,63.48
2008-07-14,62.31,62.99,60.89,61.02,3167600,61.02
2008-07-11,60.82,62.97,60.46,62.20,3183700,62.20
2008-07-10,61.39,62.00,60.45,60.94,4149000,60.94
2008-07-09,62.70,63.05,61.03,61.03,3433500,61.03
2008-07-08,59.13,63.38,59.06,62.94,5797300,62.94
2008-07-07,58.00,59.41,57.96,58.87,3123000,58.87
2008-07-03,58.16,59.91,57.57,58.20,3255200,58.20
2008-07-02,59.25,59.38,57.88,58.36,3123600,58.36
2008-07-01,56.07,59.46,55.36,59.34,5228900,59.34
2008-06-30,56.64,56.95,55.68,55.89,3224500,55.89
2008-06-27,56.24,57.10,55.87,57.04,7078100,57.04
2008-06-26,57.49,57.82,56.31,56.34,2283800,56.34
2008-06-25,58.27,58.96,57.13,58.12,2407500,58.12
2008-06-24,56.66,58.29,56.34,57.84,3380300,57.84
2008-06-23,57.91,58.75,56.53,56.53,3344300,56.53
2008-06-20,58.93,59.37,57.50,58.01,3891200,58.01
2008-06-19,58.21,59.80,57.28,59.17,2766800,59.17
2008-06-18,58.21,59.60,57.52,58.50,2955000,58.50
2008-06-17,59.48,59.71,58.33,58.35,2063700,58.35
2008-06-16,59.34,60.42,58.74,59.58,1934700,59.58
2008-06-13,59.20,59.90,58.71,59.90,1968100,59.90
2008-06-12,59.50,59.53,58.48,58.58,2522600,58.58
2008-06-11,60.75,61.00,58.90,58.90,3088400,58.90
2008-06-10,60.97,61.53,59.96,60.44,3391800,60.44
2008-06-09,62.41,62.52,60.61,61.28,3774500,61.28
2008-06-06,64.37,64.37,62.39,62.42,3038700,62.42
2008-06-05,63.09,66.41,62.39,64.57,5343600,64.57
2008-06-04,61.28,62.65,61.03,62.25,2672900,62.25
2008-06-03,61.72,62.43,60.47,61.71,3229300,61.71
2008-06-02,62.85,63.34,60.78,61.41,2572000,61.41
2008-05-30,63.58,63.90,62.57,62.75,2484600,62.75
2008-05-29,63.19,64.36,62.79,63.73,1781200,63.73
2008-05-28,62.16,63.13,61.87,63.13,2429900,63.13
2008-05-27,61.05,63.20,60.91,62.06,3752600,62.06
2008-05-23,61.96,62.18,60.72,61.02,1727400,61.02
2008-05-22,61.84,62.95,61.72,62.08,1232100,62.08
2008-05-21,63.26,63.28,61.50,61.62,2885600,61.62
2008-05-20,62.98,63.97,62.55,63.06,1404500,63.06
2008-05-19,63.23,63.94,62.40,62.75,1850400,62.75
2008-05-16,63.19,63.71,62.87,63.50,2107300,63.50
2008-05-15,62.10,63.26,61.46,62.90,1508100,62.90
2008-05-14,62.69,63.38,61.92,62.35,1792200,62.35
2008-05-13,63.28,63.40,61.67,62.32,1656100,62.32
2008-05-12,62.44,63.75,61.98,63.05,1816400,63.05
2008-05-09,62.20,62.38,61.67,62.07,2057500,62.07
2008-05-08,62.22,63.68,61.94,62.70,1756700,62.70
2008-05-07,63.19,63.36,61.84,62.02,1561800,62.02
2008-05-06,62.59,63.37,62.44,63.14,1678000,63.14
2008-05-05,62.01,63.12,61.98,63.01,1857500,63.01
2008-05-02,62.58,62.80,61.35,62.31,2833000,62.31
2008-05-01,60.94,62.53,60.60,62.33,3480400,62.33
2008-04-30,61.63,61.97,60.59,60.69,2599400,60.69
2008-04-29,61.24,62.35,61.09,61.33,6941700,61.33
2008-04-28,64.97,65.59,64.55,64.67,2600500,64.67
2008-04-25,63.66,65.32,63.66,65.12,2741900,65.12
2008-04-24,64.57,64.74,62.78,63.67,2754200,63.67
2008-04-23,65.98,66.12,63.40,64.51,3111400,64.51
2008-04-22,64.79,65.58,63.93,64.62,3499000,64.62
2008-04-21,65.08,65.26,64.38,64.90,3002500,64.90
2008-04-18,66.61,66.72,64.92,65.00,3773300,65.00
2008-04-17,66.16,66.95,65.63,65.82,2771300,65.82
2008-04-16,65.50,66.16,64.61,65.89,3168700,65.89
2008-04-15,63.75,65.38,63.41,64.93,3659900,64.93
2008-04-14,64.09,64.95,63.35,63.72,2464100,63.72
2008-04-11,65.50,65.86,64.02,64.22,3932400,64.22
2008-04-10,64.95,67.45,64.89,66.43,3576300,66.43
2008-04-09,65.48,65.49,63.82,64.69,2700000,64.69
2008-04-08,63.93,65.76,63.46,65.12,3932200,65.12
2008-04-07,64.00,64.43,63.41,63.79,2311700,63.79
2008-04-04,63.33,64.98,63.18,64.01,2847300,64.01
2008-04-03,62.62,63.16,61.84,62.94,2360800,62.94
2008-04-02,63.90,64.44,62.66,62.91,2481100,62.91
2008-04-01,62.14,64.42,61.57,64.01,2717400,64.01
2008-03-31,60.80,62.47,60.80,61.69,3051300,61.69
2008-03-28,62.79,63.62,60.61,60.73,2953400,60.73
2008-03-27,63.05,63.75,62.46,62.46,2634200,62.46
2008-03-26,60.79,63.02,60.79,62.99,3765700,62.99
2008-03-25,61.74,61.87,60.61,61.19,2515900,61.19
2008-03-24,58.98,62.26,58.96,61.46,3330200,61.46
2008-03-20,58.51,59.24,57.96,59.00,6481400,59.00
2008-03-19,60.18,60.25,57.99,58.40,3752100,58.40
2008-03-18,59.19,60.23,58.78,59.97,3724900,59.97
2008-03-17,59.24,61.52,58.64,58.70,3643300,58.70
2008-03-14,59.63,60.78,58.79,60.33,3823500,60.33
2008-03-13,58.19,61.08,58.17,60.45,3711000,60.45
2008-03-12,58.00,60.18,57.22,59.38,4349300,59.38
2008-03-11,55.14,57.69,54.63,57.68,4141100,57.68
2008-03-10,56.16,56.63,54.50,54.74,3634000,54.74
2008-03-07,56.59,57.23,56.06,56.20,4162900,56.20
2008-03-06,59.64,59.64,56.37,56.63,3729900,56.63
2008-03-05,59.33,60.25,59.00,59.69,2479300,59.69
2008-03-04,58.84,59.41,57.16,59.14,4004900,59.14
2008-03-03,58.02,58.97,57.90,58.84,3337800,58.84
2008-02-29,59.86,59.91,58.09,58.36,3135700,58.36
2008-02-28,60.01,61.20,59.69,60.58,1822800,60.58
2008-02-27,61.22,62.26,57.95,60.13,6284200,60.13
2008-02-26,60.66,62.39,60.66,61.53,1977600,61.53
2008-02-25,60.30,61.60,60.16,61.30,1990100,61.30
2008-02-22,60.05,61.09,59.31,60.34,2527700,60.34
2008-02-21,61.19,61.19,59.30,60.21,2892400,60.21
2008-02-20,60.49,61.52,59.67,61.24,2345800,61.24
2008-02-19,62.98,63.60,60.57,60.67,3681800,60.67
2008-02-15,62.47,62.61,61.00,62.20,2965200,62.20
2008-02-14,63.47,64.49,62.30,62.87,3887600,62.87
2008-02-13,61.19,63.26,60.59,63.24,3588800,63.24
2008-02-12,61.41,61.50,59.97,60.56,2304800,60.56
2008-02-11,61.29,62.00,60.80,60.94,3163000,60.94
2008-02-08,61.44,62.01,60.46,61.50,2525800,61.50
2008-02-07,60.07,62.89,59.53,61.58,3536400,61.58
2008-02-06,62.41,63.41,60.52,60.52,4836800,60.52
2008-02-05,61.69,62.39,60.26,60.52,3005900,60.52
2008-02-04,62.06,63.69,61.61,63.29,2469900,63.29
2008-02-01,61.13,62.85,60.40,61.76,2271700,61.76
2008-01-31,59.95,61.24,59.10,60.95,2412000,60.95
2008-01-30,61.04,61.48,59.90,60.00,2251300,60.00
2008-01-29,58.40,61.20,58.17,61.05,3234000,61.05
2008-01-28,59.00,59.35,57.47,58.13,2726900,58.13
2008-01-25,59.10,59.12,58.15,58.92,5387700,58.92
2008-01-24,59.22,59.29,57.04,58.13,3086700,58.13
2008-01-23,55.51,59.44,54.90,59.23,4849000,59.23
2008-01-22,56.92,59.17,56.65,56.71,5014700,56.71
2008-01-18,59.83,61.03,58.67,59.91,6622000,59.91
2008-01-17,61.12,62.68,60.59,61.05,4641700,61.05
2008-01-16,60.00,61.29,59.77,59.99,3681000,59.99
2008-01-15,59.11,60.47,59.06,59.31,3675600,59.31
2008-01-14,59.96,61.43,58.77,59.98,6044800,59.98
2008-01-11,59.33,59.97,58.22,59.02,2588800,59.02
2008-01-10,58.29,61.98,58.29,59.18,5041300,59.18
2008-01-09,56.12,59.17,56.10,58.40,4894800,58.40
2008-01-08,57.98,58.29,55.95,55.97,4465800,55.97
2008-01-07,56.51,59.52,55.79,59.22,5843000,59.22
2008-01-04,56.25,56.42,55.01,55.22,2877000,55.22
2008-01-03,56.01,56.55,55.40,56.30,2718100,56.30
2008-01-02,56.91,57.11,55.05,55.87,3427400,55.87
2007-12-31,57.24,57.58,56.81,56.92,2327100,56.92
2007-12-28,58.51,58.85,57.72,57.84,1502700,57.84
2007-12-27,59.33,59.33,57.67,58.33,2234100,58.33
2007-12-26,58.35,59.40,58.00,59.34,2270400,59.34
2007-12-24,57.31,58.70,57.31,58.41,2316300,58.41
2007-12-21,57.83,57.89,56.68,57.67,6067200,57.67
2007-12-20,56.03,57.07,55.79,56.96,4230600,56.96
2007-12-19,56.34,57.33,55.50,55.50,4178200,55.50
2007-12-18,56.19,58.43,55.76,55.99,6696300,55.99
2007-12-17,58.72,58.72,55.19,55.57,5376000,55.57
2007-12-14,57.62,60.74,57.00,58.79,9207600,58.79
2007-12-13,55.12,58.67,53.65,57.91,31051700,57.91
2007-12-12,77.50,78.57,75.05,75.88,12966600,75.88
2007-12-11,74.15,77.85,74.15,75.39,5459100,75.39
2007-12-10,74.79,74.80,73.65,73.97,1735700,73.97
2007-12-07,73.90,75.25,73.25,74.94,2206100,74.94
2007-12-06,73.78,74.36,73.00,73.93,2966600,73.93
2007-12-05,72.63,74.00,72.61,74.00,2235800,74.00
2007-12-04,73.13,73.65,72.21,72.55,2552300,72.55
2007-12-03,73.63,74.49,72.94,73.82,2671900,73.82
2007-11-30,73.11,74.36,72.83,74.12,3856700,74.12
2007-11-29,70.27,73.06,69.99,72.77,3818400,72.77
2007-11-28,70.44,70.61,69.12,70.28,2775900,70.28
2007-11-27,68.12,69.80,67.53,69.75,2824600,69.75
2007-11-26,69.10,69.68,67.86,68.00,2504200,68.00
2007-11-23,68.84,69.89,68.60,69.51,650100,69.51
2007-11-21,70.00,70.59,68.58,68.63,1857300,68.63
2007-11-20,70.33,70.95,68.81,70.21,3811300,70.21
2007-11-19,69.88,70.63,69.05,70.25,3267600,70.25
2007-11-16,70.27,71.04,69.32,70.04,4080200,70.04
2007-11-15,69.88,73.00,69.40,69.92,4963600,69.92
2007-11-14,70.49,71.90,69.90,70.01,5629600,70.01
2007-11-13,69.85,70.96,69.04,70.83,4387900,70.83
2007-11-12,71.87,71.87,69.75,69.88,6058100,69.88
2007-11-09,75.24,75.75,72.22,72.29,6534000,72.29
2007-11-08,71.80,77.45,71.80,74.99,8641200,74.99
2007-11-07,73.20,73.89,70.97,71.13,4055700,71.13
2007-11-06,73.61,74.38,72.85,73.44,2746100,73.44
2007-11-05,73.44,73.68,72.09,73.52,2946800,73.52
2007-11-02,73.43,74.38,72.86,73.98,3014300,73.98
2007-11-01,74.40,74.75,72.79,72.87,3490100,72.87
2007-10-31,73.89,74.82,73.47,74.44,3353600,74.44
2007-10-30,74.43,74.82,73.47,73.79,2542400,73.79
2007-10-29,76.22,76.22,74.03,74.82,4580500,74.82
2007-10-26,76.85,77.49,75.76,76.72,3818200,76.72
2007-10-25,77.04,77.50,75.72,76.30,4516300,76.30
2007-10-24,77.84,78.18,75.45,76.72,8335600,76.72
2007-10-23,78.25,79.97,78.00,78.93,6370800,78.93
2007-10-22,79.23,80.32,78.24,80.11,5137100,80.11
2007-10-19,79.31,81.00,78.95,80.22,6668800,80.22
2007-10-18,78.43,79.84,78.02,79.31,6839600,79.31
2007-10-17,78.94,80.32,77.80,79.26,7877100,79.26
2007-10-16,81.05,81.46,78.82,79.29,12162700,79.29
2007-10-15,83.35,84.75,80.96,82.51,30694100,82.51
2007-10-12,67.41,69.43,67.01,69.43,3956400,69.43
2007-10-11,67.72,68.50,66.82,67.12,3202800,67.12
2007-10-10,67.36,67.52,66.40,67.41,2346500,67.41
2007-10-09,66.32,67.32,66.29,67.24,1657400,67.24
2007-10-08,67.22,67.56,65.93,66.42,1805200,66.42
2007-10-05,66.23,67.65,65.22,67.63,2549800,67.63
2007-10-04,66.00,66.85,65.42,65.88,2594600,65.88
2007-10-03,65.40,66.52,65.09,65.35,2509300,65.35
2007-10-02,67.11,67.20,65.07,65.66,3464000,65.66
2007-10-01,66.69,68.18,66.40,67.94,2977100,67.94
2007-09-28,66.73,67.34,65.61,66.33,2969500,66.33
2007-09-27,68.64,68.84,66.03,66.45,3815100,66.45
2007-09-26,68.08,68.57,67.33,68.15,2565400,68.15
2007-09-25,68.50,69.00,67.71,68.00,2242300,68.00
2007-09-24,66.60,68.57,66.28,68.45,3185600,68.45
2007-09-21,67.41,68.11,67.10,67.39,3746000,67.39
2007-09-20,67.12,67.90,66.79,67.10,2033300,67.10
2007-09-19,67.00,68.02,66.44,67.46,4375700,67.46
2007-09-18,64.88,66.80,64.56,66.80,3493200,66.80
2007-09-17,65.18,65.32,63.83,64.50,3518300,64.50
2007-09-14,65.13,66.00,63.35,65.42,6286900,65.42
2007-09-13,63.54,65.62,63.49,65.40,4994800,65.40
2007-09-12,65.44,65.44,64.62,64.71,2313900,64.71
2007-09-11,65.62,65.91,64.80,65.50,2572500,65.50
2007-09-10,65.87,66.44,65.06,65.22,2948000,65.22
2007-09-07,66.00,66.18,65.30,65.78,4913000,65.78
2007-09-06,63.79,67.85,63.61,66.53,8632100,66.53
2007-09-05,63.50,63.95,62.76,62.87,4200700,62.87
2007-09-04,63.77,64.24,63.44,63.55,2964200,63.55
2007-08-31,64.58,64.58,63.47,63.82,3100600,63.82
2007-08-30,62.57,64.80,62.46,64.59,4136200,64.59
2007-08-29,62.06,62.86,61.28,62.86,3179900,62.86
2007-08-28,62.85,62.99,62.07,62.08,2461200,62.08
2007-08-27,62.75,64.00,62.55,62.93,4280300,62.93
2007-08-24,60.00,62.89,59.83,62.89,7593100,62.89
2007-08-23,59.56,60.01,59.56,59.97,5399700,59.97
2007-08-22,59.51,59.94,58.96,59.56,2948400,59.56
2007-08-21,59.77,60.00,59.15,59.60,2391400,59.60
2007-08-20,59.76,60.00,59.19,59.96,3765400,59.96
2007-08-17,59.29,60.52,58.07,60.20,4537900,60.20
2007-08-16,58.21,59.56,57.30,59.10,4812900,59.10
2007-08-15,59.53,60.20,58.39,58.46,3638700,58.46
2007-08-14,58.80,59.95,58.19,59.45,4102600,59.45
2007-08-13,57.31,59.02,57.10,58.83,4738500,58.83
2007-08-10,56.79,59.00,56.75,57.85,4964600,57.85
2007-08-09,57.80,59.18,57.50,58.13,4339000,58.13
2007-08-08,58.13,58.89,57.63,58.89,4386300,58.89
2007-08-07,56.31,58.60,56.05,58.28,4304600,58.28
2007-08-06,56.65,57.09,56.15,56.74,4463100,56.74
2007-08-03,56.55,57.71,56.31,56.65,7748800,56.65
2007-08-02,55.99,56.69,55.52,56.49,7316500,56.49
2007-08-01,56.82,57.08,55.26,55.63,8226200,55.63
2007-07-31,56.10,57.26,55.43,56.54,8459200,56.54
2007-07-30,55.58,56.63,54.26,55.43,7388200,55.43
2007-07-27,57.51,58.02,56.52,57.01,5877300,57.01
2007-07-26,58.10,59.78,57.04,58.19,8330100,58.19
2007-07-25,56.94,59.49,56.26,59.01,10262200,59.01
2007-07-24,54.50,57.20,54.50,56.24,7228100,56.24
2007-07-23,54.61,55.39,54.02,54.75,4418600,54.75
2007-07-20,55.23,55.37,54.61,54.94,4683100,54.94
2007-07-19,55.22,55.52,54.10,55.02,5124500,55.02
2007-07-18,54.90,55.37,54.18,55.18,5772000,55.18
2007-07-17,55.35,55.40,54.72,54.76,5653500,54.76
2007-07-16,55.77,55.77,55.10,55.34,3400400,55.34
2007-07-13,55.30,55.92,55.20,55.92,2258200,55.92
2007-07-12,54.86,55.50,54.53,55.50,4457000,55.50
2007-07-11,54.55,54.86,54.40,54.85,2682100,54.85
2007-07-10,54.28,54.89,54.25,54.51,8727400,54.51
2007-07-09,54.11,54.90,53.91,54.78,3411600,54.78
2007-07-06,54.45,54.56,54.11,54.50,2597900,54.50
2007-07-05,54.32,54.68,53.50,54.45,3287600,54.45
2007-07-03,53.72,54.61,53.49,54.55,2033300,54.55
2007-07-02,53.50,53.85,53.24,53.81,4294600,53.81
2007-06-29,53.53,53.85,53.22,53.50,3477200,53.50
2007-06-28,53.46,53.78,53.20,53.55,5364400,53.55
2007-06-27,52.85,53.96,52.43,53.57,18426200,53.57
2007-06-26,51.66,52.43,51.54,52.36,8488700,52.36
2007-06-25,51.50,52.30,51.44,51.75,13328900,51.75
2007-06-22,51.78,51.91,51.24,51.58,5059700,51.58
2007-06-21,51.37,52.12,51.29,52.00,3374200,52.00
2007-06-20,51.75,51.90,51.21,51.37,3711300,51.37
2007-06-19,51.10,51.92,51.10,51.85,4556500,51.85
2007-06-18,51.27,51.76,51.13,51.63,4578200,51.63
2007-06-15,51.65,51.75,50.93,51.33,5811300,51.33
2007-06-14,51.34,51.90,51.19,51.21,2992100,51.21
2007-06-13,51.11,51.60,50.86,51.49,3215000,51.49
2007-06-12,51.10,51.32,50.66,51.07,3584200,51.07
2007-06-11,51.50,51.57,51.07,51.21,3854300,51.21
2007-06-08,50.69,51.64,50.63,51.53,4122600,51.53
2007-06-07,51.68,52.10,50.78,50.86,5727000,50.86
2007-06-06,51.92,52.10,51.80,51.92,4695900,51.92
2007-06-05,51.99,52.20,51.70,52.02,4972500,52.02
2007-06-04,51.75,52.27,51.70,52.25,4519200,52.25
2007-06-01,52.49,52.49,52.00,52.29,4051800,52.29
2007-05-31,51.91,52.47,51.79,52.22,5966900,52.22
2007-05-30,51.55,52.26,51.50,52.13,15871900,52.13
2007-05-29,49.30,49.52,48.68,49.21,3621500,49.21
2007-05-25,48.05,49.75,47.95,49.47,5737200,49.47
2007-05-24,48.40,48.43,47.70,47.91,4213400,47.91
2007-05-23,47.00,49.33,46.82,48.13,6188800,48.13
2007-05-22,46.65,47.26,46.45,47.01,1819500,47.01
2007-05-21,46.30,46.96,46.30,46.90,2166300,46.90
2007-05-18,46.51,46.60,46.19,46.38,3678500,46.38
2007-05-17,47.03,47.14,46.38,46.45,2109400,46.45
2007-05-16,46.49,47.27,46.09,47.19,3648500,47.19
2007-05-15,46.77,47.10,46.28,46.40,2870900,46.40
2007-05-14,46.44,46.91,46.11,46.60,3883400,46.60
2007-05-11,45.99,46.80,45.86,46.64,2675700,46.64
2007-05-10,47.14,47.14,45.77,46.03,3984400,46.03
2007-05-09,47.03,47.49,46.75,47.25,2806600,47.25
2007-05-08,47.24,47.57,46.65,47.37,3622300,47.37
2007-05-07,46.86,47.59,46.86,47.42,2745900,47.42
2007-05-04,47.01,47.25,46.61,46.91,3922800,46.91
2007-05-03,48.24,48.30,46.94,47.28,4377000,47.28
2007-05-02,47.81,48.48,46.90,48.02,7255900,48.02
2007-05-01,47.50,48.04,46.89,48.00,5775700,48.00
2007-04-30,47.94,48.00,47.12,47.21,3861700,47.21
2007-04-27,47.98,48.23,47.49,47.99,4216300,47.99
2007-04-26,47.62,48.70,47.54,48.11,3953700,48.11
2007-04-25,48.16,48.19,47.44,48.00,3655600,48.00
2007-04-24,48.86,49.00,48.22,48.28,5305600,48.28
2007-04-23,47.26,48.94,47.26,48.86,9817600,48.86
2007-04-20,46.40,46.67,45.75,46.64,3652700,46.64
2007-04-19,45.58,46.12,45.17,45.86,3463000,45.86
2007-04-18,45.37,46.22,45.24,45.79,2602000,45.79
2007-04-17,45.39,46.16,45.34,45.62,3140200,45.62
2007-04-16,45.57,45.90,45.36,45.46,2387700,45.46
2007-04-13,44.98,45.64,44.84,45.57,2954800,45.57
2007-04-12,43.64,45.08,43.54,45.07,3520800,45.07
2007-04-11,44.42,44.42,43.43,43.68,2467500,43.68
2007-04-10,44.26,44.77,44.14,44.42,2301500,44.42
2007-04-09,44.86,44.99,44.31,44.39,2315600,44.39
2007-04-05,44.79,45.02,44.55,45.02,1983600,45.02
2007-04-04,44.69,44.93,44.42,44.91,1917600,44.91
2007-04-03,44.64,44.92,44.21,44.81,2549600,44.81
2007-04-02,44.55,44.82,44.00,44.31,2635100,44.31
2007-03-30,44.02,44.94,44.02,44.38,2922200,44.38
2007-03-29,44.96,45.07,43.92,44.28,3609000,44.28
2007-03-28,44.96,45.33,44.67,44.84,2046400,44.84
2007-03-27,45.42,45.57,44.98,45.14,1556700,45.14
2007-03-26,45.80,45.92,45.17,45.64,2282200,45.64
2007-03-23,45.67,46.10,45.31,45.90,2546500,45.90
2007-03-22,45.95,46.07,45.31,45.53,2752700,45.53
2007-03-21,44.64,45.81,44.11,45.81,3301900,45.81
2007-03-20,44.40,44.80,44.26,44.71,2598700,44.71
2007-03-19,43.60,44.68,43.59,44.40,3110200,44.40
2007-03-16,44.00,44.32,43.52,43.55,4386900,43.55
2007-03-15,44.12,44.49,43.63,44.10,3586100,44.10
2007-03-14,43.28,44.18,43.02,44.11,4712700,44.11
2007-03-13,43.78,44.78,43.08,43.16,4306700,43.16
2007-03-12,43.31,44.10,42.93,44.09,2390000,44.09
2007-03-09,43.50,43.66,42.86,43.30,2910000,43.30
2007-03-08,44.10,44.19,43.06,43.13,3787200,43.13
2007-03-07,43.88,44.58,43.50,43.78,3808800,43.78
2007-03-06,43.96,44.50,43.65,44.18,4578700,44.18
2007-03-05,43.32,44.20,43.11,43.41,3803800,43.41
2007-03-02,44.16,44.74,43.65,43.66,4058100,43.66
2007-03-01,44.22,45.35,43.27,44.57,5295300,44.57
2007-02-28,45.30,46.15,45.09,45.19,4535000,45.19
2007-02-27,46.82,47.07,45.02,45.88,5027100,45.88
2007-02-26,46.90,47.65,46.90,47.17,2518000,47.17
2007-02-23,47.31,47.44,46.77,46.90,1835700,46.90
2007-02-22,47.01,47.30,46.32,47.18,3247800,47.18
2007-02-21,47.10,47.27,46.50,47.02,4409300,47.02
2007-02-20,48.00,48.14,46.91,47.20,4040900,47.20
2007-02-16,47.89,48.39,47.60,48.25,4051300,48.25
2007-02-15,50.16,50.37,47.31,48.00,8861500,48.00
2007-02-14,49.48,50.51,49.30,50.49,3603900,50.49
2007-02-13,49.20,49.68,48.87,49.17,2737300,49.17
2007-02-12,49.36,49.49,49.04,49.31,3229100,49.31
2007-02-09,49.77,50.17,49.07,49.50,2031800,49.50
2007-02-08,49.16,49.89,49.04,49.64,1993700,49.64
2007-02-07,48.85,49.48,48.71,49.32,2026900,49.32
2007-02-06,49.04,49.08,47.86,48.94,3008600,48.94
2007-02-05,49.22,49.32,48.50,49.03,2073200,49.03
2007-02-02,49.33,49.71,49.19,49.30,2725200,49.30
2007-02-01,48.32,49.60,48.27,49.39,4495600,49.39
2007-01-31,47.86,48.60,47.32,48.34,2184800,48.34
2007-01-30,47.85,48.21,47.58,48.05,2927700,48.05
2007-01-29,47.43,48.01,47.23,47.68,2753400,47.68
2007-01-26,47.74,47.94,47.04,47.52,2816400,47.52
2007-01-25,48.50,48.56,47.44,47.79,4167600,47.79
2007-01-24,49.23,49.30,48.59,48.79,3545200,48.79
2007-01-23,50.19,50.26,48.53,49.13,4706700,49.13
2007-01-22,51.70,51.75,50.11,50.18,3699500,50.18
2007-01-19,51.44,52.02,51.18,51.84,2367200,51.84
2007-01-18,51.91,52.43,51.37,51.52,2043900,51.52
2007-01-17,51.48,52.45,51.41,51.90,3963000,51.90
2007-01-16,51.20,51.85,50.50,51.80,2710000,51.80
2007-01-12,50.36,51.37,50.36,50.97,3147800,50.97
2007-01-11,49.34,50.63,49.10,50.44,2847900,50.44
2007-01-10,49.23,49.55,48.82,49.28,3161600,49.28
2007-01-09,49.88,50.14,49.30,49.50,2816500,49.50
2007-01-08,50.00,50.16,48.91,50.02,3160200,50.02
2007-01-05,49.99,50.33,49.51,49.76,2230400,49.76
2007-01-04,49.27,50.10,48.88,49.75,2884300,49.75
2007-01-03,49.28,50.25,48.20,49.33,3833500,49.33
2006-12-29,49.07,49.51,48.97,49.19,1542500,49.19
2006-12-28,49.24,49.58,48.65,49.34,1991800,49.34
2006-12-27,49.37,49.67,48.91,49.16,1891300,49.16
2006-12-26,48.90,49.52,48.77,48.97,1017000,48.97
2006-12-22,49.57,49.68,48.91,49.03,1396100,49.03
2006-12-21,49.30,49.97,49.06,49.66,3317500,49.66
2006-12-20,49.51,49.71,49.15,49.34,3421500,49.34
2006-12-19,48.50,49.89,48.00,49.52,8178200,49.52
2006-12-18,51.37,51.46,50.02,50.23,2535400,50.23
2006-12-15,51.39,52.36,50.94,51.36,4747600,51.36
2006-12-14,50.31,51.76,50.31,51.06,3886700,51.06
2006-12-13,50.87,51.00,49.75,50.17,3479400,50.17
2006-12-12,51.64,51.64,50.26,50.74,3157100,50.74
2006-12-11,50.10,51.47,50.06,51.34,3962900,51.34
2006-12-08,51.26,52.07,50.56,50.67,2822800,50.67
2006-12-07,51.89,52.15,51.24,51.36,2556100,51.36
2006-12-06,51.51,51.95,51.00,51.89,2813400,51.89
2006-12-05,51.66,51.94,51.00,51.50,2474300,51.50
2006-12-04,52.36,52.52,51.61,51.78,2708500,51.78
2006-12-01,52.50,52.72,51.71,52.16,3272700,52.16
2006-11-30,51.51,52.50,51.30,52.26,3891200,52.26
2006-11-29,50.97,51.56,50.76,51.51,2666700,51.51
2006-11-28,50.78,51.50,50.47,51.03,3093800,51.03
2006-11-27,51.14,51.69,50.73,51.09,3234700,51.09
2006-11-24,51.34,51.95,51.06,51.51,1216800,51.51
2006-11-22,51.06,52.14,50.98,51.98,3051500,51.98
2006-11-21,51.45,51.60,50.90,51.00,3219900,51.00
2006-11-20,51.18,51.63,50.81,51.27,3056200,51.27
2006-11-17,49.90,50.90,49.73,50.79,5574600,50.79
2006-11-16,49.10,49.98,49.00,49.95,4318600,49.95
2006-11-15,48.40,49.25,48.31,48.97,3568500,48.97
2006-11-14,48.37,48.50,47.88,48.31,2345300,48.31
2006-11-13,47.77,48.37,47.37,48.27,2719500,48.27
2006-11-10,47.32,47.91,46.74,47.50,2421000,47.50
2006-11-09,48.53,48.82,47.00,47.07,2629500,47.07
2006-11-08,48.18,48.92,47.96,48.66,3343100,48.66
2006-11-07,48.24,48.95,47.68,48.80,3502600,48.80
2006-11-06,47.61,48.50,47.50,48.41,2115400,48.41
2006-11-03,47.76,47.87,47.26,47.52,1870800,47.52
2006-11-02,47.58,47.87,46.95,47.71,2650100,47.71
2006-11-01,47.67,48.32,47.40,47.77,4624300,47.77
2006-10-31,46.90,48.50,46.00,47.60,12915800,47.60
2006-10-30,44.39,44.42,43.90,43.91,2534800,43.91
2006-10-27,44.37,44.58,43.88,44.02,2570200,44.02
2006-10-26,44.84,44.98,43.83,44.41,3909100,44.41
2006-10-25,44.76,45.12,44.48,44.94,2514400,44.94
2006-10-24,45.20,45.33,44.15,44.91,2023400,44.91
2006-10-23,44.74,45.53,44.26,45.29,3109200,45.29
2006-10-20,45.63,45.91,44.76,45.01,4187300,45.01
2006-10-19,45.71,46.22,45.62,45.92,2351200,45.92
2006-10-18,45.87,46.13,45.53,45.95,2384200,45.95
2006-10-17,45.26,45.79,45.20,45.44,2135700,45.44
2006-10-16,45.65,45.78,45.31,45.56,1956800,45.56
2006-10-13,45.53,45.89,45.09,45.84,1754500,45.84
2006-10-12,45.26,45.73,44.96,45.68,2028300,45.68
2006-10-11,44.55,45.29,44.46,45.21,2427800,45.21
2006-10-10,45.75,45.80,44.74,45.00,1916500,45.00
2006-10-09,45.57,45.92,45.38,45.58,1936800,45.58
2006-10-06,45.64,46.01,45.41,45.66,1979500,45.66
2006-10-05,45.93,46.45,45.53,45.69,2070800,45.69
2006-10-04,44.66,46.39,44.66,46.18,3914400,46.18
2006-10-03,44.12,45.22,43.49,44.88,3105100,44.88
2006-10-02,44.81,45.79,43.95,44.24,3781900,44.24
2006-09-29,44.52,44.79,44.18,44.68,2367300,44.68
2006-09-28,44.70,45.02,44.41,44.74,2786000,44.74
2006-09-27,44.55,44.84,44.25,44.60,2283300,44.60
2006-09-26,44.53,44.78,43.90,44.68,2565500,44.68
2006-09-25,44.44,44.74,43.75,44.71,2853600,44.71
2006-09-22,43.75,44.56,43.59,44.23,3945800,44.23
2006-09-21,43.95,44.47,43.62,43.66,3108800,43.66
2006-09-20,43.38,43.87,43.23,43.66,3432100,43.66
2006-09-19,43.42,43.57,42.51,43.18,3626600,43.18
2006-09-18,43.63,44.20,43.54,43.57,2064300,43.57
2006-09-15,43.56,44.02,43.20,43.90,4813400,43.90
2006-09-14,43.45,43.99,43.13,43.39,2630400,43.39
2006-09-13,43.67,43.94,43.29,43.67,2303500,43.67
2006-09-12,44.00,44.07,43.01,43.87,3152800,43.87
2006-09-11,43.67,44.20,43.35,44.01,2103300,44.01
2006-09-08,43.52,44.18,43.28,43.98,1249900,43.98
2006-09-07,43.41,44.08,43.27,43.50,2919200,43.50
2006-09-06,44.07,44.28,43.15,43.25,3235500,43.25
2006-09-05,44.09,44.99,43.68,44.56,2420700,44.56
2006-09-01,44.40,44.96,44.19,44.25,2431100,44.25
2006-08-31,44.86,45.01,44.08,44.20,2164600,44.20
2006-08-30,44.47,44.81,43.96,44.70,2548900,44.70
2006-08-29,44.83,44.83,43.87,44.33,2515700,44.33
2006-08-28,44.18,44.92,44.14,44.74,2194800,44.74
2006-08-25,43.57,44.51,43.50,44.28,2650900,44.28
2006-08-24,43.05,43.86,43.00,43.76,2783200,43.76
2006-08-23,42.75,43.12,42.52,43.00,1779100,43.00
2006-08-22,43.01,43.35,42.48,42.88,2500600,42.88
2006-08-21,42.71,43.49,42.50,43.00,2521200,43.00
2006-08-18,43.45,43.81,42.76,42.91,3337200,42.91
2006-08-17,42.93,43.39,42.78,43.32,2889800,43.32
2006-08-16,42.42,43.08,42.03,43.08,2877100,43.08
2006-08-15,42.17,42.70,41.70,42.29,3054800,42.29
2006-08-14,41.72,42.39,41.35,41.83,3758100,41.83
2006-08-11,41.41,41.96,41.24,41.45,2514300,41.45
2006-08-10,41.72,41.95,41.16,41.58,2865400,41.58
2006-08-09,42.16,42.65,41.77,41.86,3936700,41.86
2006-08-08,42.16,42.30,41.02,41.73,3090600,41.73
2006-08-07,42.33,42.88,41.41,41.97,3098100,41.97
2006-08-04,42.94,43.22,42.02,42.39,2752200,42.39
2006-08-03,41.99,43.12,41.61,42.65,2877900,42.65
2006-08-02,41.38,42.90,41.19,42.17,3057200,42.17
2006-08-01,41.97,42.00,40.81,41.03,2626000,41.03
2006-07-31,41.65,42.50,41.31,42.05,2557100,42.05
2006-07-28,41.54,42.10,41.08,41.84,2234100,41.84
2006-07-27,41.42,42.38,41.10,41.33,3585400,41.33
2006-07-26,41.52,41.57,40.24,40.97,4566900,40.97
2006-07-25,40.99,41.81,40.76,41.55,3478500,41.55
2006-07-24,40.76,41.27,40.38,41.20,3348900,41.20
2006-07-21,41.05,41.49,40.64,40.73,2882900,40.73
2006-07-20,41.68,42.34,41.05,41.39,2168400,41.39
2006-07-19,41.19,42.67,41.05,42.01,3881200,42.01
2006-07-18,41.85,42.25,40.41,41.12,5172600,41.12
2006-07-17,42.79,42.98,41.51,41.98,4869000,41.98
2006-07-14,44.37,44.51,42.85,43.24,5192100,43.24
2006-07-13,45.56,45.95,45.11,45.21,2814400,45.21
2006-07-12,45.14,45.85,44.88,45.56,3422800,45.56
2006-07-11,46.19,46.48,45.08,46.01,2925400,46.01
2006-07-10,45.84,46.87,45.72,46.29,2456400,46.29
2006-07-07,46.74,47.19,45.54,45.66,2989700,45.66
2006-07-06,46.14,47.46,46.14,47.04,2255300,47.04
2006-07-05,47.05,47.05,46.28,46.28,2020500,46.28
2006-07-03,46.52,47.03,46.42,47.03,983800,47.03
2006-06-30,47.04,47.47,46.29,46.32,4355300,46.32
2006-06-29,45.36,46.99,45.10,46.97,3946200,46.97
2006-06-28,44.19,44.99,43.66,44.98,2479200,44.98
2006-06-27,45.09,45.18,43.91,44.05,2286000,44.05
2006-06-26,44.99,45.14,44.68,45.00,1509500,45.00
2006-06-23,44.75,45.72,44.70,44.99,2003600,44.99
2006-06-22,45.58,45.58,44.60,44.88,1857400,44.88
2006-06-21,44.94,46.23,44.91,45.58,2074200,45.58
2006-06-20,45.50,45.74,44.75,45.03,1872200,45.03
2006-06-19,46.30,46.42,45.11,45.29,2172400,45.29
2006-06-16,46.69,46.93,45.98,46.27,3662100,46.27
2006-06-15,46.83,47.50,46.17,46.90,4353600,46.90
2006-06-14,45.34,46.88,45.32,46.68,3834300,46.68
2006-06-13,45.58,46.35,44.98,45.40,3225100,45.40
2006-06-12,45.91,46.72,45.58,45.67,1627800,45.67
2006-06-09,46.18,46.95,45.65,46.00,2057100,46.00
2006-06-08,46.33,47.03,45.58,46.36,3757100,46.36
2006-06-07,46.16,47.67,45.81,46.73,4031400,46.73
2006-06-06,45.54,46.27,45.09,46.17,3729400,46.17
2006-06-05,47.49,48.97,45.23,45.39,7427100,45.39
2006-06-02,48.35,48.78,47.10,47.71,3312600,47.71
2006-06-01,46.91,48.12,46.71,48.12,4436100,48.12
2006-05-31,45.35,46.63,45.02,46.63,3503600,46.63
2006-05-30,46.62,47.25,45.27,45.27,3116400,45.27
2006-05-26,46.89,47.37,46.56,47.00,2627500,47.00
2006-05-25,45.17,46.99,44.90,46.99,3817500,46.99
2006-05-24,43.92,45.59,43.72,45.42,3804200,45.42
2006-05-23,45.27,45.65,44.25,44.26,2592900,44.26
2006-05-22,45.36,46.16,45.00,45.05,3222100,45.05
2006-05-19,45.34,45.99,44.67,45.69,3604800,45.69
2006-05-18,45.70,46.62,45.32,45.35,2704200,45.35
2006-05-17,46.68,47.17,45.41,45.91,3597200,45.91
2006-05-16,46.91,47.38,46.43,46.95,4361500,46.95
2006-05-15,45.64,47.19,45.42,47.14,4405600,47.14
2006-05-12,46.40,46.48,45.37,45.96,3433300,45.96
2006-05-11,46.90,47.25,46.37,46.67,3168100,46.67
2006-05-10,47.01,47.74,46.70,46.87,3873200,46.87
2006-05-09,46.27,47.08,46.14,47.02,2407800,47.02
2006-05-08,47.10,47.10,46.05,46.16,2869700,46.16
2006-05-05,47.04,47.48,46.20,46.92,2672600,46.92
2006-05-04,46.10,46.95,45.99,46.78,1883700,46.78
2006-05-03,45.92,46.91,45.60,46.09,3926100,46.09
2006-05-02,45.46,46.15,44.69,45.90,3877800,45.90
2006-05-01,44.81,45.91,44.69,45.43,3810800,45.43
2006-04-28,45.37,45.84,44.77,44.85,3246100,44.85
2006-04-27,43.80,45.30,43.55,44.96,4565000,44.96
2006-04-26,43.96,44.59,42.52,44.07,5554800,44.07
2006-04-25,44.86,44.87,43.88,44.08,2586700,44.08
2006-04-24,44.19,44.98,44.19,44.75,3077400,44.75
2006-04-21,45.00,45.24,44.19,44.28,2760300,44.28
2006-04-20,45.24,45.30,44.50,44.83,3238300,44.83
2006-04-19,45.78,45.86,44.35,45.49,3548700,45.49
2006-04-18,45.11,46.00,44.60,45.86,2454500,45.86
2006-04-17,44.87,45.64,44.24,45.00,2411200,45.00
2006-04-13,44.72,45.70,44.51,45.04,2258500,45.04
2006-04-12,44.00,45.32,44.00,44.81,3179600,44.81
2006-04-11,45.01,45.46,43.84,44.31,3735800,44.31
2006-04-10,44.41,45.21,44.30,44.75,3868800,44.75
2006-04-07,45.28,45.96,44.20,44.37,3170800,44.37
2006-04-06,45.30,45.51,44.34,45.00,2856900,45.00
2006-04-05,45.90,46.14,44.96,45.36,3058100,45.36
2006-04-04,46.44,46.51,45.55,46.08,3465600,46.08
2006-04-03,47.20,47.75,46.34,46.34,3444300,46.34
2006-03-31,46.98,47.39,46.64,47.10,2167400,47.10
2006-03-30,46.90,47.90,46.84,47.20,2238800,47.20
2006-03-29,45.99,48.20,45.85,47.22,4628500,47.22
2006-03-28,47.22,47.44,45.45,45.86,2888200,45.86
2006-03-27,46.55,47.60,46.15,47.18,2242600,47.18
2006-03-24,46.42,47.00,46.10,46.46,3006900,46.46
2006-03-23,47.84,47.95,46.40,46.47,3432200,46.47
2006-03-22,47.00,48.42,46.25,48.10,4634500,48.10
2006-03-21,49.13,49.25,47.94,48.31,3855800,48.31
2006-03-20,49.30,49.48,48.30,49.25,1941500,49.25
2006-03-17,49.04,49.60,48.99,49.19,3651400,49.19
2006-03-16,49.44,49.69,49.03,49.10,3339800,49.10
2006-03-15,48.98,49.45,48.91,49.23,3725200,49.23
2006-03-14,47.83,48.99,47.80,48.96,2822100,48.96
2006-03-13,47.76,48.39,47.37,47.92,2511100,47.92
2006-03-10,47.20,48.25,47.18,47.78,5367600,47.78
2006-03-09,49.04,49.08,46.93,47.54,14459000,47.54
2006-03-08,45.51,45.51,45.51,45.51,000,45.51
2006-03-07,45.51,45.51,45.51,45.51,000,45.51
2006-03-06,45.74,46.03,44.93,45.51,7016000,45.51
2006-03-03,45.92,46.35,45.06,45.50,4978100,45.50
2006-03-02,47.10,47.40,45.81,46.36,3786300,46.36
2006-03-01,47.00,47.13,45.75,46.95,8888900,46.95
2006-02-28,49.80,49.92,45.80,47.25,10080900,47.25
2006-02-27,49.90,50.72,49.70,50.10,5862300,50.10
2006-02-24,48.50,50.00,48.41,49.58,4073400,49.58
2006-02-23,47.29,48.86,47.12,48.50,4028800,48.50
2006-02-22,46.21,47.49,46.14,47.32,3586900,47.32
2006-02-21,46.97,47.26,45.75,46.10,2698700,46.10
2006-02-17,47.39,47.78,46.89,47.06,2635400,47.06
2006-02-16,46.26,48.02,46.03,47.33,6493100,47.33
2006-02-15,44.39,46.39,44.00,45.72,5522200,45.72
2006-02-14,43.73,44.85,43.05,44.38,2678800,44.38
2006-02-13,44.10,44.32,43.12,43.71,1975700,43.71
2006-02-10,44.43,44.43,43.03,44.27,3111000,44.27
2006-02-09,44.31,45.07,44.10,44.24,2473000,44.24
2006-02-08,44.53,44.72,43.93,44.53,2009000,44.53
2006-02-07,43.96,44.67,43.69,44.59,2417300,44.59
2006-02-06,44.60,44.77,43.98,44.24,2323400,44.24
2006-02-03,44.81,45.04,43.90,44.92,2489100,44.92
2006-02-02,45.42,45.59,44.84,45.15,2408200,45.15
2006-02-01,44.48,45.75,44.44,45.27,2964700,45.27
2006-01-31,44.95,45.25,44.16,44.75,1946600,44.75
2006-01-30,45.28,45.66,44.39,44.73,1629600,44.73
2006-01-27,44.38,45.45,44.16,45.23,2221100,45.23
2006-01-26,44.44,44.45,43.88,44.36,2378500,44.36
2006-01-25,44.39,44.52,43.39,43.61,3653500,43.61
2006-01-24,44.80,44.94,44.11,44.42,2718400,44.42
2006-01-23,44.93,45.15,43.80,44.84,4108500,44.84
2006-01-20,46.06,46.15,44.32,44.93,4646600,44.93
2006-01-19,46.19,46.27,45.24,46.05,2179000,46.05
2006-01-18,46.09,46.19,45.55,45.92,2657300,45.92
2006-01-17,46.10,46.69,46.00,46.39,1859100,46.39
2006-01-13,46.88,47.03,45.71,46.21,2557600,46.21
2006-01-12,47.44,47.63,46.69,47.06,3369000,47.06
2006-01-11,47.69,48.50,47.44,47.53,2646700,47.53
2006-01-10,47.47,48.20,47.17,47.96,2729900,47.96
2006-01-09,46.78,48.29,46.70,47.55,3381900,47.55
2006-01-06,47.20,47.65,46.41,47.18,3814500,47.18
2006-01-05,46.78,47.71,46.50,47.12,2694100,47.12
2006-01-04,46.75,48.25,46.49,47.27,4101000,47.27
2006-01-03,45.69,47.06,44.66,46.74,4620500,46.74
2005-12-30,44.40,45.51,44.10,45.28,2610800,45.28
2005-12-29,45.07,45.37,44.60,44.66,1296700,44.66
2005-12-28,44.72,45.78,44.56,45.18,2052300,45.18
2005-12-27,45.90,46.72,44.79,44.92,3144200,44.92
2005-12-23,45.49,45.75,44.78,45.52,1402000,45.52
2005-12-22,44.48,45.92,44.43,45.47,3294700,45.47
2005-12-21,43.75,45.40,43.59,44.39,2799100,44.39
2005-12-20,44.10,44.30,43.41,43.79,2190000,43.79
2005-12-19,45.30,45.75,44.07,44.09,3322100,44.09
2005-12-16,45.21,45.87,45.00,45.31,6164900,45.31
2005-12-15,44.97,45.20,44.37,45.11,2351700,45.11
2005-12-14,45.24,45.40,44.65,44.78,2316500,44.78
2005-12-13,44.75,45.37,44.46,45.12,2957900,45.12
2005-12-12,44.85,45.15,44.50,44.76,2001100,44.76
2005-12-09,45.29,45.75,44.56,44.67,2962600,44.67
2005-12-08,42.83,45.18,42.83,44.93,6767900,44.93
2005-12-07,42.41,43.29,42.38,42.78,3142300,42.78
2005-12-06,43.33,43.54,42.36,42.36,2386400,42.36
2005-12-05,43.31,43.37,42.33,42.75,2242900,42.75
2005-12-02,43.09,43.63,42.60,43.45,2188000,43.45
2005-12-01,42.95,43.62,42.50,43.42,2696400,43.42
2005-11-30,42.91,43.82,42.72,42.81,2273000,42.81
2005-11-29,43.57,43.96,43.00,43.03,2365200,43.03
2005-11-28,44.18,44.20,42.87,43.42,3332600,43.42
2005-11-25,44.69,45.20,43.91,44.49,904400,44.49
2005-11-23,44.72,45.16,44.14,44.83,1892200,44.83
2005-11-22,45.15,45.65,43.94,44.76,4167900,44.76
2005-11-21,45.22,45.40,44.39,45.12,2746400,45.12
2005-11-18,45.58,46.00,45.27,45.33,5642400,45.33
2005-11-17,44.03,44.85,43.39,44.81,2737200,44.81
2005-11-16,44.09,44.30,43.26,43.72,2122600,43.72
2005-11-15,44.02,44.64,43.49,43.81,2479300,43.81
2005-11-14,44.77,45.03,43.52,43.74,3242200,43.74
2005-11-11,43.77,44.98,43.73,44.91,3737800,44.91
2005-11-10,42.78,43.99,42.63,43.98,3801000,43.98
2005-11-09,42.92,43.00,42.05,42.63,2260200,42.63
2005-11-08,41.82,43.05,41.67,42.92,3019300,42.92
2005-11-07,42.18,42.46,41.64,41.84,2276000,41.84
2005-11-04,41.20,42.25,41.19,41.98,2456100,41.98
2005-11-03,41.49,41.75,40.60,41.39,2799700,41.39
2005-11-02,40.00,41.24,39.95,41.16,2635500,41.16
2005-11-01,40.51,40.65,39.81,40.29,2704700,40.29
2005-10-31,38.93,40.85,38.93,40.63,6250000,40.63
2005-10-28,38.39,38.79,38.02,38.49,3852200,38.49
2005-10-27,38.81,39.42,38.29,38.35,4947000,38.35
2005-10-26,40.21,40.60,39.79,40.01,3178300,40.01
2005-10-25,39.82,40.43,39.47,40.42,2786100,40.42
2005-10-24,39.15,39.70,38.83,39.65,2519100,39.65
2005-10-21,39.45,39.45,38.90,39.09,3788900,39.09
2005-10-20,39.25,39.34,38.62,39.01,4226700,39.01
2005-10-19,38.34,39.27,38.00,39.27,3460100,39.27
2005-10-18,38.83,39.04,38.41,38.65,2953300,38.65
2005-10-17,38.24,39.12,38.24,38.63,3570700,38.63
2005-10-14,37.35,38.10,37.16,38.02,3183300,38.02
2005-10-13,35.97,37.38,35.70,37.06,4343100,37.06
2005-10-12,36.36,36.85,35.66,35.94,3198400,35.94
2005-10-11,37.59,37.85,36.19,36.57,3433900,36.57
2005-10-10,37.84,38.19,37.21,37.52,2494200,37.52
2005-10-07,37.55,37.92,37.02,37.71,2644500,37.71
2005-10-06,38.64,38.89,37.00,37.24,5141900,37.24
2005-10-05,40.37,40.44,38.84,38.86,2903100,38.86
2005-10-04,39.90,40.73,39.77,40.26,3723700,40.26
2005-10-03,39.58,40.00,38.91,39.92,4007800,39.92
2005-09-30,38.47,39.61,38.47,39.48,3192400,39.48
2005-09-29,38.25,38.85,37.80,38.60,3017600,38.60
2005-09-28,37.70,38.95,37.61,38.15,3392400,38.15
2005-09-27,38.99,39.29,37.84,38.05,3915200,38.05
2005-09-26,38.80,38.80,37.83,38.46,3752300,38.46
2005-09-23,38.96,39.00,38.36,38.56,2756800,38.56
2005-09-22,39.50,39.56,38.68,38.91,3290700,38.91
2005-09-21,40.58,40.62,39.26,39.42,4064500,39.42
2005-09-20,40.32,41.74,40.14,40.23,3389700,40.23
2005-09-19,41.22,41.24,40.01,40.29,2190300,40.29
2005-09-16,39.98,41.34,39.94,41.24,3983700,41.24
2005-09-15,40.75,40.95,40.23,40.44,2058900,40.44
2005-09-14,41.12,41.55,40.53,40.67,1807200,40.67
2005-09-13,41.83,41.88,40.89,41.30,2348600,41.30
2005-09-12,41.54,42.36,41.54,41.88,2207800,41.88
2005-09-09,41.86,42.73,41.57,41.86,7677700,41.86
2005-09-08,42.40,42.94,42.25,42.44,2055500,42.44
2005-09-07,42.34,42.69,42.15,42.47,3160100,42.47
2005-09-06,42.20,42.81,42.07,42.41,3548300,42.41
2005-09-02,42.98,43.00,41.84,42.42,1915100,42.42
2005-09-01,42.20,43.41,42.14,42.80,4856700,42.80
2005-08-31,41.00,42.15,40.83,42.14,4596300,42.14
2005-08-30,40.74,40.99,40.52,40.90,2086400,40.90
2005-08-29,40.68,41.25,40.63,40.99,3031600,40.99
2005-08-26,40.25,41.26,40.19,41.05,3481600,41.05
2005-08-25,39.99,41.42,39.81,40.92,3553500,40.92
2005-08-24,39.62,40.50,39.62,39.87,2367400,39.87
2005-08-23,40.25,40.40,39.79,39.85,2757400,39.85
2005-08-22,40.28,41.08,40.05,40.17,2007600,40.17
2005-08-19,40.36,40.90,40.12,40.24,2792600,40.24
2005-08-18,40.62,41.24,40.36,40.60,2275600,40.60
2005-08-17,41.00,41.31,40.50,40.55,3241500,40.55
2005-08-16,41.83,42.00,40.96,41.08,2686200,41.08
2005-08-15,41.41,42.14,41.17,41.71,2978300,41.71
2005-08-12,41.57,41.86,41.19,41.58,3810700,41.58
2005-08-11,41.08,41.81,40.91,41.73,2814900,41.73
2005-08-10,41.25,41.83,40.73,41.27,5231900,41.27
2005-08-09,39.90,42.65,39.81,41.24,19210100,41.24
2005-08-08,38.08,38.67,37.69,38.42,3657200,38.42
2005-08-05,39.56,39.65,38.06,38.12,5060900,38.12
2005-08-04,40.63,40.63,39.17,39.48,4632000,39.48
2005-08-03,40.65,40.87,40.36,40.69,2268600,40.69
2005-08-02,40.45,40.96,40.38,40.84,2849400,40.84
2005-08-01,39.41,40.78,39.36,40.42,5343000,40.42
2005-07-29,39.86,39.95,39.21,39.29,2973700,39.29
2005-07-28,39.70,39.91,39.55,39.90,4739600,39.90
2005-07-27,38.85,39.86,38.72,39.48,8833800,39.48
2005-07-26,38.48,39.47,38.06,38.82,5011800,38.82
2005-07-25,38.60,38.99,38.02,38.50,3270500,38.50
2005-07-22,38.66,38.82,38.25,38.46,4907600,38.46
2005-07-21,39.35,39.35,38.34,38.86,3691000,38.86
2005-07-20,38.19,39.56,38.05,39.26,5891500,39.26
2005-07-19,38.32,38.50,37.94,38.24,2714800,38.24
2005-07-18,37.93,38.27,37.80,38.10,2638200,38.10
2005-07-15,38.00,38.14,37.26,37.82,4306800,37.82
2005-07-14,36.54,37.76,36.48,37.76,4400600,37.76
2005-07-13,36.55,36.57,36.20,36.38,3293000,36.38
2005-07-12,36.22,36.54,36.06,36.34,2869700,36.34
2005-07-11,35.74,36.32,35.66,36.32,4109900,36.32
2005-07-08,34.80,35.49,34.60,35.43,4036300,35.43
2005-07-07,34.38,34.77,34.20,34.76,3429900,34.76
2005-07-06,34.09,34.95,33.88,34.65,3801500,34.65
2005-07-05,33.97,34.46,33.89,34.09,2643800,34.09
2005-07-01,34.35,34.55,34.00,34.08,1760900,34.08
2005-06-30,34.75,35.00,34.25,34.45,2821800,34.45
2005-06-29,34.69,35.15,34.04,34.88,4457600,34.88
2005-06-28,34.00,34.61,33.83,34.36,2341400,34.36
2005-06-27,34.11,34.28,33.82,33.99,3680900,33.99
2005-06-24,34.29,34.36,33.77,34.08,4458700,34.08
2005-06-23,34.91,35.10,33.96,34.19,5197600,34.19
2005-06-22,35.42,35.42,34.69,34.89,3618200,34.89
2005-06-21,35.50,35.77,35.00,35.25,2983900,35.25
2005-06-20,35.81,36.31,35.40,35.40,3097100,35.40
2005-06-17,35.96,36.00,35.33,35.94,6990400,35.94
2005-06-16,35.40,36.25,35.20,36.25,6178600,36.25
2005-06-15,35.10,35.35,34.57,35.03,3581100,35.03
2005-06-14,34.75,35.07,34.25,34.76,4559500,34.76
2005-06-13,34.80,35.11,34.45,34.79,3725100,34.79
2005-06-10,35.48,35.63,34.64,35.01,3893400,35.01
2005-06-09,33.74,36.40,33.63,35.13,15943300,35.13
2005-06-08,34.54,34.64,33.18,33.35,13943500,33.35
2005-06-07,35.79,35.79,35.00,35.07,4019200,35.07
2005-06-06,36.45,36.66,34.90,35.37,6866200,35.37
2005-06-03,37.24,37.76,36.14,36.40,8073500,36.40
2005-06-02,38.27,38.50,37.70,38.07,10907000,38.07
2005-06-01,39.41,40.02,39.20,39.77,3736800,39.77
2005-05-31,39.35,39.80,38.74,39.10,3111100,39.10
2005-05-27,39.39,39.65,38.91,39.64,2095100,39.64
2005-05-26,38.68,39.52,38.31,39.34,6989200,39.34
2005-05-25,38.30,38.36,37.69,37.99,2505000,37.99
2005-05-24,38.99,39.13,38.10,38.35,3029100,38.35
2005-05-23,38.54,39.18,38.52,39.11,2924900,39.11
2005-05-20,39.94,39.98,38.66,39.06,5207800,39.06
2005-05-19,39.18,39.95,38.79,39.95,3038900,39.95
2005-05-18,38.77,39.51,38.45,39.26,3282300,39.26
2005-05-17,38.44,38.83,38.28,38.65,3284800,38.65
2005-05-16,38.90,39.10,38.21,38.55,2058000,38.55
2005-05-13,39.37,39.62,38.52,38.90,4713000,38.90
2005-05-12,38.74,39.50,38.43,39.34,5158000,39.34
2005-05-11,39.02,39.19,38.01,38.77,4276700,38.77
2005-05-10,38.52,39.45,38.28,38.91,4346900,38.91
2005-05-09,38.61,38.87,38.16,38.70,3017700,38.70
2005-05-06,38.89,39.02,38.33,38.45,2676900,38.45
2005-05-05,38.60,38.76,38.00,38.52,3192600,38.52
2005-05-04,38.34,39.11,38.25,38.72,4824400,38.72
2005-05-03,37.47,37.97,37.37,37.72,5795500,37.72
2005-05-02,36.38,37.62,36.38,37.32,5046200,37.32
2005-04-29,36.15,36.49,35.50,36.24,3379000,36.24
2005-04-28,36.41,37.31,35.98,35.98,6779100,35.98
2005-04-27,36.30,36.45,35.60,35.84,3435000,35.84
2005-04-26,35.42,36.85,35.27,36.21,4502800,36.21
2005-04-25,35.70,35.70,35.00,35.35,2606100,35.35
2005-04-22,35.21,36.36,35.19,35.38,3298400,35.38
2005-04-21,35.26,35.55,34.92,35.42,2551500,35.42
2005-04-20,35.42,35.73,34.75,34.80,3663400,34.80
2005-04-19,35.81,36.12,35.26,35.47,3567500,35.47
2005-04-18,35.80,36.12,35.60,35.73,3020400,35.73
2005-04-15,35.66,36.48,35.52,35.79,5536900,35.79
2005-04-14,36.67,36.84,35.84,36.04,3318400,36.04
2005-04-13,36.90,37.09,36.27,36.45,6032100,36.45
2005-04-12,35.78,36.70,35.70,36.70,4615900,36.70
2005-04-11,35.90,36.79,35.46,35.75,4449600,35.75
2005-04-08,36.59,36.68,35.95,36.08,3274900,36.08
2005-04-07,35.50,36.80,35.47,36.53,6917400,36.53
2005-04-06,35.50,35.79,34.88,35.40,7834300,35.40
2005-04-05,34.83,35.09,34.34,34.77,4192800,34.77
2005-04-04,34.68,35.01,34.21,34.61,5240400,34.61
2005-04-01,34.67,35.34,34.21,34.74,12616900,34.74
2005-03-31,34.59,35.13,33.85,34.51,41007700,34.51
2005-03-30,37.91,38.50,37.67,38.35,3176500,38.35
2005-03-29,38.10,38.70,37.45,37.69,5021000,37.69
2005-03-28,39.00,39.26,38.10,38.10,3313800,38.10
2005-03-24,38.65,39.34,38.40,38.80,4583600,38.80
2005-03-23,38.02,38.71,38.02,38.10,3632000,38.10
2005-03-22,38.37,38.50,37.93,38.10,7335100,38.10
2005-03-21,37.99,38.65,37.98,38.27,3706700,38.27
2005-03-18,38.28,38.61,37.74,38.26,5837800,38.26
2005-03-17,37.47,38.89,37.47,38.16,10854300,38.16
2005-03-16,38.02,39.03,34.30,37.19,29867000,37.19
2005-03-15,39.42,39.90,38.07,38.07,7257100,38.07
2005-03-14,38.32,39.54,38.05,39.41,6374200,39.41
2005-03-11,38.80,39.19,38.00,38.03,5524200,38.03
2005-03-10,39.40,39.86,37.94,38.61,10669400,38.61
2005-03-09,38.50,39.66,38.33,39.31,12759100,39.31
2005-03-08,37.70,38.55,37.18,38.35,14022400,38.35
2005-03-07,38.11,38.26,37.50,37.59,10636100,37.59
2005-03-04,38.47,38.52,37.45,37.53,24063700,37.53
2005-03-03,41.49,41.56,38.80,39.33,21420400,39.33
2005-03-02,41.73,42.25,40.74,40.88,24290800,40.88
2005-03-01,40.00,41.48,39.12,41.26,52507900,41.26
2005-02-28,37.79,41.56,35.86,38.65,117940000,38.65
2005-02-25,66.45,67.39,66.04,67.28,1977500,67.28
2005-02-24,65.09,66.77,64.13,66.68,3896200,66.68
2005-02-23,65.73,66.07,65.09,65.58,1702400,65.58
2005-02-22,67.06,67.50,65.33,65.34,3047400,65.34
2005-02-18,67.55,67.60,66.85,66.97,2611000,66.97
2005-02-17,68.70,70.00,67.50,67.57,7394900,67.57
2005-02-16,66.85,67.50,66.26,67.29,1869500,67.29
2005-02-15,67.00,68.00,66.30,67.04,2800000,67.04
2005-02-14,66.60,67.08,66.40,66.99,1833700,66.99
2005-02-11,65.99,67.31,65.45,66.70,2947600,66.70
2005-02-10,65.23,66.10,64.99,65.92,2518500,65.92
2005-02-09,66.51,66.81,65.02,65.03,3369100,65.03
2005-02-08,67.63,67.70,65.76,66.23,4683800,66.23
2005-02-07,67.00,67.01,65.75,66.15,3391400,66.15
2005-02-04,64.87,66.99,64.87,66.95,3565200,66.95
2005-02-03,65.71,65.90,64.76,65.18,1992200,65.18
2005-02-02,65.08,65.90,64.53,65.50,2931900,65.50
2005-02-01,64.78,65.35,64.21,64.72,2307800,64.72
2005-01-31,63.50,65.35,63.34,64.96,4170300,64.96
2005-01-28,63.40,63.71,61.27,62.20,4686900,62.20
2005-01-27,63.53,64.72,62.94,63.69,3854200,63.69
2005-01-26,63.33,64.31,63.00,63.47,3666300,63.47
2005-01-25,63.40,64.34,62.32,63.08,3215000,63.08
2005-01-24,64.95,64.95,61.76,63.00,4911600,63.00
2005-01-21,65.00,65.54,64.17,64.83,5277800,64.83
2005-01-20,66.93,67.82,64.65,64.83,6126000,64.83
2005-01-19,67.63,68.19,66.81,66.93,2905000,66.93
2005-01-18,65.97,68.39,65.94,67.80,3872100,67.80
2005-01-14,64.95,66.67,64.62,66.58,3151300,66.58
2005-01-13,66.93,67.11,64.76,64.87,3595600,64.87
2005-01-12,65.96,67.11,65.93,67.11,3410200,67.11
2005-01-11,66.12,66.65,65.56,65.80,2902400,65.80
2005-01-10,65.70,67.54,65.70,66.82,4390300,66.82
2005-01-07,66.23,66.70,65.35,66.09,3257100,66.09
2005-01-06,64.88,65.87,64.45,65.19,2963900,65.19
2005-01-05,64.91,65.48,63.82,64.84,3587400,64.84
2005-01-04,66.84,67.41,64.29,64.76,3888500,64.76
2005-01-03,66.92,67.80,66.15,66.29,3506500,66.29
2004-12-31,67.20,67.56,66.61,66.61,1722900,66.61
2004-12-30,67.71,67.95,66.77,67.21,1225200,67.21
2004-12-29,67.86,68.00,67.34,67.92,2247300,67.92
2004-12-28,66.02,68.13,65.64,67.86,3842300,67.86
2004-12-27,66.59,67.00,65.00,65.55,2944000,65.55
2004-12-23,65.50,66.77,65.34,66.31,2021200,66.31
2004-12-22,65.52,65.78,64.95,65.64,2122800,65.64
2004-12-21,65.93,66.22,65.32,65.92,2535300,65.92
2004-12-20,65.11,65.92,64.85,65.84,2576400,65.84
2004-12-17,65.85,66.88,64.80,64.80,4309000,64.80
2004-12-16,65.71,66.48,65.30,65.89,3414300,65.89
2004-12-15,66.00,66.69,64.67,64.91,3591400,64.91
2004-12-14,65.37,66.29,65.09,66.19,3194800,66.19
2004-12-13,66.03,66.40,65.43,66.29,4167800,66.29
2004-12-10,65.76,65.90,64.59,65.53,4408200,65.53
2004-12-09,64.50,66.30,63.75,66.12,6323300,66.12
2004-12-08,61.85,64.94,61.83,64.53,8194000,64.53
2004-12-07,61.38,62.50,61.28,61.47,3545400,61.47
2004-12-06,61.05,61.90,60.65,61.39,2226200,61.39
2004-12-03,61.44,62.08,60.81,61.56,3301000,61.56
2004-12-02,60.50,61.99,60.36,61.90,3457900,61.90
2004-12-01,59.15,60.74,59.12,60.56,5814400,60.56
2004-11-30,58.94,59.12,57.84,58.68,3786300,58.68
2004-11-29,59.04,59.30,57.87,58.90,4268300,58.90
2004-11-26,58.40,58.90,58.22,58.43,1101400,58.43
2004-11-24,59.23,59.95,57.84,58.59,9389100,58.59
2004-11-23,57.17,57.75,55.61,57.43,6814000,57.43
2004-11-22,55.82,57.22,54.30,57.14,6481600,57.14
2004-11-19,56.02,56.64,55.01,55.34,6831700,55.34
2004-11-18,56.65,57.90,56.65,57.52,2835300,57.52
2004-11-17,58.42,59.16,56.75,57.06,3894100,57.06
2004-11-16,58.69,59.47,58.13,58.31,2097500,58.31
2004-11-15,58.82,59.13,58.39,58.75,2525400,58.75
2004-11-12,60.40,60.45,58.70,59.04,4994900,59.04
2004-11-11,60.13,60.68,59.67,60.12,2714400,60.12
2004-11-10,60.56,60.81,59.36,59.64,2667400,59.64
2004-11-09,60.83,61.07,59.83,60.50,4390200,60.50
2004-11-08,61.92,62.33,60.34,60.40,5401500,60.40
2004-11-05,60.18,61.95,59.70,60.86,5017900,60.86
2004-11-04,58.00,60.29,57.72,59.90,5039700,59.90
2004-11-03,58.50,60.86,58.12,60.29,4822500,60.29
2004-11-02,58.06,59.39,56.89,57.08,3690200,57.08
2004-11-01,57.94,58.62,57.26,57.65,4095200,57.65
2004-10-29,59.55,59.98,57.52,58.16,4939700,58.16
2004-10-28,58.34,60.18,57.22,59.61,4834900,59.61
2004-10-27,55.92,58.65,55.87,58.52,4565100,58.52
2004-10-26,55.85,56.69,55.70,56.68,3576500,56.68
2004-10-25,56.52,56.85,55.25,55.80,3067700,55.80
2004-10-22,58.26,58.50,56.75,56.78,2679200,56.78
2004-10-21,58.09,58.44,56.80,58.27,2322300,58.27
2004-10-20,56.90,58.30,56.58,58.07,2590500,58.07
2004-10-19,57.82,58.35,56.91,57.06,1975600,57.06
2004-10-18,57.80,58.24,57.20,58.00,2922900,58.00
2004-10-15,57.21,58.23,56.50,58.02,3970900,58.02
2004-10-14,57.78,58.74,56.41,56.88,5572500,56.88
2004-10-13,59.98,60.05,57.64,57.89,3356700,57.89
2004-10-12,59.99,60.33,59.23,59.82,2289900,59.82
2004-10-11,60.02,60.80,58.95,60.26,3580200,60.26
2004-10-08,58.61,59.63,57.70,58.95,6669700,58.95
2004-10-07,61.67,62.09,59.96,60.15,3143600,60.15
2004-10-06,61.74,62.31,61.45,62.30,2553300,62.30
2004-10-05,61.82,62.67,61.65,61.88,2497900,61.88
2004-10-04,62.55,63.10,61.95,62.44,3005100,62.44
2004-10-01,60.88,62.87,60.71,62.87,3052900,62.87
2004-09-30,60.41,61.50,59.89,61.17,2940900,61.17
2004-09-29,59.96,60.93,59.85,60.72,2071300,60.72
2004-09-28,59.34,60.37,59.06,60.01,2287000,60.01
2004-09-27,59.50,60.02,58.93,59.28,2238000,59.28
2004-09-24,59.19,60.50,59.09,59.67,2163800,59.67
2004-09-23,59.71,60.26,59.12,59.31,2622800,59.31
2004-09-22,61.13,61.13,59.56,59.57,3090400,59.57
2004-09-21,61.60,61.76,60.70,61.52,3164600,61.52
2004-09-20,61.60,62.56,60.82,61.54,2817600,61.54
2004-09-17,61.49,61.93,61.41,61.72,2098400,61.72
2004-09-16,61.48,62.19,60.88,61.05,2486700,61.05
2004-09-15,61.88,62.28,61.18,61.40,2123200,61.40
2004-09-14,62.08,62.85,61.78,62.31,2008100,62.31
2004-09-13,62.05,62.95,61.42,62.25,2358500,62.25
2004-09-10,61.07,62.48,60.90,62.09,2290800,62.09
2004-09-09,60.66,61.65,60.35,61.36,2693700,61.36
2004-09-08,60.77,61.43,59.80,60.55,1994400,60.55
2004-09-07,60.73,61.83,60.43,60.90,2303700,60.90
2004-09-03,61.09,61.65,60.38,60.47,2618900,60.47
2004-09-02,59.98,61.97,59.77,61.22,2563200,61.22
2004-09-01,59.06,60.40,58.95,60.00,2779400,60.00
2004-08-31,58.85,59.37,58.23,59.33,1872800,59.33
2004-08-30,60.24,60.40,58.32,58.63,2355100,58.63
2004-08-27,59.35,60.99,59.29,60.46,2066200,60.46
2004-08-26,59.88,60.33,58.98,59.63,1790400,59.63
2004-08-25,59.19,60.24,58.60,59.83,2433200,59.83
2004-08-24,59.24,59.50,58.07,59.05,2292900,59.05
2004-08-23,59.93,59.93,58.75,59.02,2244500,59.02
2004-08-20,59.00,60.00,58.69,59.77,2528500,59.77
2004-08-19,59.61,59.88,58.68,59.05,3684900,59.05
2004-08-18,57.18,60.17,57.00,60.09,6740300,60.09
2004-08-17,59.02,59.50,58.33,58.34,2528200,58.34
2004-08-16,57.72,59.38,57.50,59.07,2315700,59.07
2004-08-13,58.42,58.58,57.09,57.45,2400500,57.45
2004-08-12,58.05,58.96,58.01,58.27,2794400,58.27
2004-08-11,56.65,58.59,56.46,58.07,3074000,58.07
2004-08-10,55.30,56.82,55.00,56.81,2617500,56.81
2004-08-09,56.02,56.50,55.15,55.23,2733200,55.23
2004-08-06,57.27,57.34,55.96,55.97,3427000,55.97
2004-08-05,57.30,58.17,57.20,57.32,3466600,57.32
2004-08-04,57.81,58.41,57.11,57.56,4068800,57.56
2004-08-03,58.40,59.00,57.79,57.84,2750400,57.84
2004-08-02,59.80,60.00,57.71,58.34,4314100,58.34
2004-07-30,59.40,60.70,59.11,60.00,2732700,60.00
2004-07-29,58.76,59.65,58.24,59.65,3170100,59.65
2004-07-28,57.76,59.47,56.77,58.45,6113100,58.45
2004-07-27,54.14,57.36,53.75,56.51,4835600,56.51
2004-07-26,55.35,55.63,53.06,53.83,4005400,53.83
2004-07-23,55.09,56.03,54.74,55.39,2866600,55.39
2004-07-22,55.11,56.19,54.00,55.59,4247400,55.59
2004-07-21,56.85,58.00,55.05,55.13,3901500,55.13
2004-07-20,56.53,57.18,56.35,57.14,2956900,57.14
2004-07-19,57.96,58.35,56.02,56.56,4223700,56.56
2004-07-16,59.65,59.67,57.32,57.34,3419800,57.34
2004-07-15,60.28,60.51,59.09,59.44,2975500,59.44
2004-07-14,60.43,61.19,59.83,60.51,4211000,60.51
2004-07-13,61.23,62.09,60.84,61.19,2166600,61.19
2004-07-12,61.23,61.68,59.83,61.33,3973200,61.33
2004-07-09,62.56,63.12,61.51,61.51,2556500,61.51
2004-07-08,62.84,63.49,62.07,62.26,2831300,62.26
2004-07-07,61.54,63.00,61.48,62.77,2544200,62.77
2004-07-06,62.28,62.58,61.41,61.69,2459800,61.69
2004-07-02,62.14,62.26,61.18,62.01,2160300,62.01
2004-07-01,63.05,63.50,61.50,61.86,3370900,61.86
2004-06-30,63.12,63.57,62.57,63.25,3352300,63.25
2004-06-29,62.81,63.20,62.10,62.77,3422400,62.77
2004-06-28,63.10,63.57,62.06,62.70,4618900,62.70
2004-06-25,60.27,62.37,59.76,62.37,5526100,62.37
2004-06-24,59.75,61.20,59.50,60.58,3313300,60.58
2004-06-23,58.30,60.00,58.09,59.86,2951400,59.86
2004-06-22,57.60,58.45,56.50,58.25,3859400,58.25
2004-06-21,58.43,58.45,57.16,57.48,2655500,57.48
2004-06-18,58.89,59.48,58.04,58.04,5416300,58.04
2004-06-17,59.89,60.19,58.25,58.47,3245700,58.47
2004-06-16,59.57,60.00,59.15,59.77,2352700,59.77
2004-06-15,60.13,60.19,59.02,59.39,2836300,59.39
2004-06-14,58.99,60.30,58.76,59.28,2940000,59.28
2004-06-10,60.55,60.74,58.90,59.55,5150400,59.55
2004-06-09,62.00,62.09,60.06,60.33,4008600,60.33
2004-06-08,62.80,63.10,61.43,62.10,2489300,62.10
2004-06-07,61.91,63.18,61.34,63.14,2831000,63.14
2004-06-04,61.75,62.11,61.18,61.45,2295300,61.45
2004-06-03,62.55,63.00,61.07,61.15,2856600,61.15
2004-06-02,63.95,64.00,62.55,62.73,3116600,62.73
2004-06-01,61.74,62.85,61.50,62.85,2432300,62.85
2004-05-28,62.76,62.92,61.91,62.15,1976400,62.15
2004-05-27,63.40,63.90,61.69,63.08,5153600,63.08
2004-05-26,63.20,63.88,62.67,63.09,3192700,63.09
2004-05-25,62.60,63.94,61.85,63.54,5081000,63.54
2004-05-24,60.77,62.65,60.61,62.65,4701100,62.65
2004-05-21,61.49,61.73,60.38,61.40,3563900,61.40
2004-05-20,59.29,61.50,59.22,60.65,5456700,60.65
2004-05-19,60.01,60.20,58.58,59.22,6338800,59.22
2004-05-18,58.69,59.76,58.39,59.21,3541700,59.21
2004-05-17,58.00,58.85,57.40,58.15,2590900,58.15
2004-05-14,58.55,59.74,57.20,58.50,3985100,58.50
2004-05-13,57.78,58.74,57.57,58.48,3765900,58.48
2004-05-12,56.93,58.21,55.96,58.02,5035500,58.02
2004-05-11,56.52,57.91,56.45,57.57,3556500,57.57
2004-05-10,56.33,56.47,55.15,56.37,4708100,56.37
2004-05-07,57.00,58.65,56.71,56.84,3200800,56.84
2004-05-06,58.50,58.60,56.92,57.49,2955900,57.49
2004-05-05,57.90,59.03,57.08,58.93,3472900,58.93
2004-05-04,58.91,59.06,56.91,57.75,5484800,57.75
2004-05-03,59.09,60.60,58.80,59.51,4354700,59.51
2004-04-30,60.09,61.65,58.82,59.00,10975300,59.00
2004-04-29,58.06,58.56,56.70,57.01,4519800,57.01
2004-04-28,59.64,59.73,57.75,57.80,3950900,57.80
2004-04-27,60.14,62.00,59.80,59.99,3686900,59.99
2004-04-26,60.99,62.25,59.92,60.09,3251800,60.09
2004-04-23,60.68,60.75,59.25,60.68,2288100,60.68
2004-04-22,58.44,60.80,58.34,60.77,3533800,60.77
2004-04-21,58.06,59.25,57.16,58.73,3423300,58.73
2004-04-20,60.24,61.05,57.82,57.90,4281600,57.90
2004-04-19,59.66,61.16,59.35,60.62,4192800,60.62
2004-04-16,57.72,60.10,56.96,59.46,4823800,59.46
2004-04-15,57.09,58.50,56.96,57.69,3880000,57.69
2004-04-14,55.52,57.24,55.40,56.91,2499200,56.91
2004-04-13,57.20,57.20,55.61,55.83,2374800,55.83
2004-04-12,55.74,56.80,55.49,56.60,1999600,56.60
2004-04-08,56.15,56.17,54.56,55.03,3852100,55.03
2004-04-07,55.92,56.09,54.84,55.25,4275900,55.25
2004-04-06,57.15,57.40,56.40,56.94,2384900,56.94
2004-04-05,57.67,58.00,57.27,57.63,2482200,57.63
2004-04-02,57.60,58.13,56.95,57.97,3187200,57.97
2004-04-01,55.40,56.90,55.01,56.50,3299700,56.50
2004-03-31,56.00,56.30,55.08,55.60,2576300,55.60
2004-03-30,54.86,56.18,54.75,56.03,2694100,56.03
2004-03-29,53.44,55.99,53.30,55.93,4482700,55.93
2004-03-26,54.57,54.76,53.09,53.18,2548900,53.18
2004-03-25,54.75,54.97,53.33,54.63,3541700,54.63
2004-03-24,52.38,54.76,52.27,54.63,5760300,54.63
2004-03-23,52.77,53.43,52.03,52.73,4497000,52.73
2004-03-22,52.47,52.60,51.00,52.32,3461100,52.32
2004-03-19,53.22,53.94,52.30,52.88,3728400,52.88
2004-03-18,53.90,54.16,52.80,53.51,3403600,53.51
2004-03-17,52.60,54.40,51.76,54.17,5231200,54.17
2004-03-16,53.46,53.64,50.87,51.78,7233700,51.78
2004-03-15,54.35,54.39,52.10,52.91,4704400,52.91
2004-03-12,53.76,54.75,53.06,54.70,4538900,54.70
2004-03-11,54.62,55.34,53.85,53.99,5617000,53.99
2004-03-10,55.64,56.85,54.94,55.00,4609400,55.00
2004-03-09,57.18,57.50,55.55,56.19,6156500,56.19
2004-03-08,59.07,59.62,57.14,57.50,4283500,57.50
2004-03-05,58.49,59.63,57.47,59.21,5200700,59.21
2004-03-04,57.83,59.44,57.45,59.02,5652800,59.02
2004-03-03,57.35,58.63,57.06,58.28,7239100,58.28
2004-03-02,55.86,57.65,55.37,57.64,7230400,57.64
2004-03-01,56.05,56.55,54.10,56.11,4492900,56.11
2004-02-27,55.70,56.72,55.45,55.45,6353000,55.45
2004-02-26,54.52,55.88,54.47,55.65,4829200,55.65
2004-02-25,55.00,55.47,54.08,54.76,4051400,54.76
2004-02-24,55.51,55.51,54.01,55.03,8228400,55.03
2004-02-23,56.17,56.65,54.94,55.70,7302600,55.70
2004-02-20,58.43,58.47,56.37,56.87,8966300,56.87
2004-02-19,55.61,59.28,55.23,58.88,25393800,58.88
2004-02-18,51.70,53.88,50.86,53.23,34523600,53.23
2004-02-17,43.63,44.42,43.56,44.26,2882700,44.26
2004-02-13,44.30,44.54,43.34,43.53,2491800,43.53
2004-02-12,44.00,44.95,43.86,44.41,3680000,44.41
2004-02-11,43.24,44.26,43.05,44.14,2394700,44.14
2004-02-10,43.86,43.93,43.08,43.41,2669400,43.41
2004-02-09,44.02,44.30,43.46,44.06,2691600,44.06
2004-02-06,42.24,43.75,42.05,43.50,3124600,43.50
2004-02-05,43.37,43.68,41.75,42.18,3642600,42.18
2004-02-04,43.77,44.39,42.79,43.18,4078100,43.18
2004-02-03,44.04,44.92,43.80,44.91,2851600,44.91
2004-02-02,42.51,45.00,42.50,44.28,4092000,44.28
2004-01-30,43.25,44.18,42.75,42.98,2965900,42.98
2004-01-29,43.89,43.90,42.12,43.40,5977900,43.40
2004-01-28,44.55,44.61,42.74,42.83,3972700,42.83
2004-01-27,45.67,45.75,44.11,44.47,3792600,44.47
2004-01-26,44.35,45.74,44.08,45.61,4832500,45.61
2004-01-23,44.38,45.16,43.61,44.32,5742500,44.32
2004-01-22,45.06,45.50,44.44,44.48,7874300,44.48
2004-01-21,43.80,45.45,43.26,44.78,6226100,44.78
2004-01-20,43.09,43.81,42.95,43.52,5284700,43.52
2004-01-16,41.59,43.23,41.56,43.19,7205600,43.19
2004-01-15,40.16,42.04,40.04,41.85,4690900,41.85
2004-01-14,41.12,41.29,39.91,40.42,4310700,40.42
2004-01-13,41.11,42.06,40.54,40.80,4264200,40.80
2004-01-12,42.48,42.85,40.56,41.49,4562300,41.49
2004-01-09,41.07,42.88,40.79,42.38,8304800,42.38
2004-01-08,40.52,41.31,40.12,41.25,7009900,41.25
2004-01-07,38.33,40.96,38.26,40.79,7002900,40.79
2004-01-06,37.50,39.09,37.28,38.59,5022800,38.59
2004-01-05,36.89,37.40,36.89,37.10,2363100,37.10
2004-01-02,36.95,37.49,36.60,36.94,2675900,36.94
2003-12-31,36.75,37.20,36.50,36.70,1895400,36.70
2003-12-30,37.61,37.65,36.72,36.89,2688600,36.89
2003-12-29,36.99,37.60,36.99,37.49,2179300,37.49
2003-12-26,37.22,37.49,36.91,37.00,447900,37.00
2003-12-24,37.15,37.25,36.80,37.22,1267700,37.22
2003-12-23,36.61,37.05,36.47,36.95,1941800,36.95
2003-12-22,37.49,37.61,36.62,36.82,2565700,36.82
2003-12-19,37.45,37.65,36.91,37.48,3869400,37.48
2003-12-18,37.10,37.50,36.75,37.33,2596900,37.33
2003-12-17,36.79,37.15,36.60,37.00,2392100,37.00
2003-12-16,36.48,37.18,36.22,36.77,2048800,36.77
2003-12-15,37.21,37.98,36.45,36.64,3180300,36.64
2003-12-12,36.80,37.17,36.69,36.94,1909500,36.94
2003-12-11,36.02,37.41,35.81,36.90,3192400,36.90
2003-12-10,36.95,37.06,35.39,35.97,3784200,35.97
2003-12-09,37.24,37.57,36.54,36.75,3048200,36.75
2003-12-08,38.10,38.20,36.68,37.34,4669000,37.34
2003-12-05,38.30,38.89,37.86,38.27,2879600,38.27
2003-12-04,38.16,38.61,37.50,38.50,3053000,38.50
2003-12-03,38.99,39.21,38.34,38.57,4052400,38.57
2003-12-02,39.22,39.41,38.68,38.80,3392500,38.80
2003-12-01,38.37,39.39,38.33,39.24,4091300,39.24
2003-11-28,38.12,38.49,37.75,38.18,1640200,38.18
2003-11-26,38.07,38.20,37.35,38.10,3491100,38.10
2003-11-25,37.51,38.40,36.87,38.18,15130200,38.18
2003-11-24,36.46,37.53,36.46,37.53,4507600,37.53
2003-11-21,35.91,36.35,35.44,36.25,3667300,36.25
2003-11-20,35.02,36.36,34.80,35.94,4647500,35.94
2003-11-19,35.58,35.66,34.75,35.19,4617900,35.19
2003-11-18,35.25,35.52,34.29,34.43,5153100,34.43
2003-11-17,35.54,35.77,34.70,35.26,5099000,35.26
2003-11-14,35.20,36.68,35.15,35.75,6092800,35.75
2003-11-13,35.22,35.61,34.79,35.25,10315300,35.25
2003-11-12,33.50,33.94,33.04,33.42,17861500,33.42
2003-11-11,33.00,33.59,32.34,33.40,4870600,33.40
2003-11-10,34.24,34.44,33.00,33.07,3250300,33.07
2003-11-07,34.71,34.96,34.04,34.05,2042800,34.05
2003-11-06,34.20,34.71,33.80,34.48,3201200,34.48
2003-11-05,33.35,34.50,33.25,34.01,5018100,34.01
2003-11-04,34.68,34.90,33.00,33.26,10663300,33.26
2003-11-03,35.02,35.60,34.75,35.20,2409400,35.20
2003-10-31,34.70,35.72,34.66,35.14,2461500,35.14
2003-10-30,35.45,35.50,34.59,34.73,2493500,34.73
2003-10-29,34.90,35.46,34.35,34.85,5691400,34.85
2003-10-28,33.50,34.27,33.21,34.27,4407700,34.27
2003-10-27,33.17,33.31,32.02,32.42,2310300,32.42
2003-10-24,32.17,32.85,31.88,32.73,1489800,32.73
2003-10-23,32.20,32.89,31.73,32.45,3789500,32.45
2003-10-22,33.04,33.37,31.99,32.24,3485700,32.24
2003-10-21,32.61,33.81,32.39,33.43,2902300,33.43
2003-10-20,32.55,32.76,31.63,32.60,3449800,32.60
2003-10-17,33.74,33.95,32.50,32.60,2860300,32.60
2003-10-16,33.75,34.15,33.54,33.74,1728800,33.74
2003-10-15,34.73,34.73,33.44,33.58,2926400,33.58
2003-10-14,34.37,34.55,33.73,34.13,3582900,34.13
2003-10-13,33.37,34.66,33.06,34.03,4644000,34.03
2003-10-10,33.00,34.00,32.98,33.17,3994300,33.17
2003-10-09,34.40,34.48,32.88,33.31,7116200,33.31
2003-10-08,34.40,34.88,33.41,33.87,3650300,33.87
2003-10-07,33.88,34.46,33.15,34.45,4036800,34.45
2003-10-06,34.72,35.00,33.75,33.94,3019300,33.94
2003-10-03,34.73,35.46,34.19,34.78,3333000,34.78
2003-10-02,33.71,34.77,33.70,34.36,3675100,34.36
2003-10-01,33.54,33.93,32.89,33.68,3599400,33.68
2003-09-30,33.40,33.86,32.96,33.29,5415800,33.29
2003-09-29,33.25,33.92,32.75,33.88,6493200,33.88
2003-09-26,34.77,35.22,34.09,34.25,2421800,34.25
2003-09-25,35.33,35.65,34.46,34.84,2879400,34.84
2003-09-24,36.62,37.00,35.10,35.33,3936700,35.33
2003-09-23,36.85,37.15,36.61,37.00,1875400,37.00
2003-09-22,37.21,37.48,36.37,36.77,2858300,36.77
2003-09-19,37.65,37.93,36.50,37.77,2956100,37.77
2003-09-18,36.81,37.65,36.71,37.50,3932300,37.50
2003-09-17,35.58,36.93,35.47,36.79,3644000,36.79
2003-09-16,35.60,35.85,35.06,35.54,2613500,35.54
2003-09-15,35.96,36.33,35.20,35.55,3185400,35.55
2003-09-12,35.53,35.99,35.15,35.99,2746700,35.99
2003-09-11,34.66,35.85,34.32,35.68,4262400,35.68
2003-09-10,35.75,36.08,34.55,34.59,2415200,34.59
2003-09-09,35.71,36.44,35.38,35.78,3681900,35.78
2003-09-08,34.39,36.46,34.35,35.90,6197900,35.90
2003-09-05,34.89,34.91,34.21,34.41,2764000,34.41
2003-09-04,34.10,35.00,34.10,34.53,2775900,34.53
2003-09-03,35.15,35.60,34.10,34.16,2311500,34.16
2003-09-02,34.71,35.25,34.06,34.88,3159600,34.88
2003-08-29,33.75,34.97,33.55,34.72,3475400,34.72
2003-08-28,33.45,33.76,32.92,33.71,1806200,33.71
2003-08-27,33.33,33.57,33.02,33.41,1392500,33.41
2003-08-26,33.89,33.89,32.79,33.44,2015700,33.44
2003-08-25,32.94,33.59,32.79,33.49,1470900,33.49
2003-08-22,33.81,34.06,32.82,32.84,1753700,32.84
2003-08-21,33.52,34.20,33.25,33.74,2346500,33.74
2003-08-20,33.00,33.56,33.00,33.43,1957700,33.43
2003-08-19,34.15,34.15,32.69,33.22,3482200,33.22
2003-08-18,33.54,34.14,33.13,33.86,2069100,33.86
2003-08-15,33.10,33.70,32.50,33.16,1521800,33.16
2003-08-14,33.14,33.20,31.73,32.70,2576400,32.70
2003-08-13,34.01,34.21,32.86,33.02,4066500,33.02
2003-08-12,32.23,33.17,32.20,33.10,2336500,33.10
2003-08-11,32.20,32.53,32.00,32.28,1489100,32.28
2003-08-08,32.36,32.63,31.96,32.22,1751900,32.22
2003-08-07,31.86,32.59,31.86,32.46,2379300,32.46
2003-08-06,32.05,32.66,31.85,31.89,3438300,31.89
2003-08-05,33.40,33.50,32.48,32.51,2686800,32.51
2003-08-04,33.44,33.81,33.00,33.46,3278400,33.46
2003-08-01,33.60,34.03,33.24,33.25,2620200,33.25
2003-07-31,33.54,34.44,33.20,33.76,2211100,33.76
2003-07-30,33.24,33.63,32.98,33.27,2662000,33.27
2003-07-29,33.99,34.10,32.86,33.29,5608900,33.29
2003-07-28,34.56,34.80,33.81,33.87,3599900,33.87
2003-07-25,34.34,34.67,33.75,34.59,3315500,34.59
2003-07-24,34.01,35.01,33.79,34.11,10183700,34.11
2003-07-23,35.70,36.24,35.40,36.05,2926200,36.05
2003-07-22,35.56,36.00,35.29,35.50,2914400,35.50
2003-07-21,35.55,36.30,35.19,35.47,4367000,35.47
2003-07-18,35.84,35.85,34.73,35.00,7982700,35.00
2003-07-17,36.70,36.87,35.55,35.80,4837600,35.80
2003-07-16,36.88,37.07,36.10,36.35,3190800,36.35
2003-07-15,36.81,37.47,36.50,36.55,5006300,36.55
2003-07-14,38.00,38.20,36.51,36.71,6231100,36.71
2003-07-11,37.20,37.98,37.15,37.82,3321300,37.82
2003-07-10,37.36,37.92,36.85,37.29,8820600,37.29
2003-07-09,38.25,38.95,38.04,38.55,6373500,38.55
2003-07-08,36.82,38.19,36.70,37.96,4810300,37.96
2003-07-07,36.05,37.10,35.92,36.90,4417300,36.90
2003-07-03,35.49,36.04,35.02,35.83,3730700,35.83
2003-07-02,35.29,36.32,35.12,35.98,5736700,35.98
2003-07-01,33.80,35.71,33.49,35.32,10516200,35.32
2003-06-30,35.30,35.30,33.80,33.96,8169500,33.96
2003-06-27,36.68,36.69,34.84,35.29,7891200,35.29
2003-06-26,37.06,37.41,36.47,36.55,7697800,36.55
2003-06-25,36.60,37.85,36.20,37.02,13842600,37.02
2003-06-24,36.15,36.73,36.00,36.52,12410400,36.52
2003-06-23,40.40,40.45,36.15,36.96,25737200,36.96
2003-06-20,39.25,39.90,38.08,38.97,3392800,38.97
2003-06-19,40.16,41.11,37.97,39.00,5642200,39.00
2003-06-18,41.42,41.43,39.85,40.34,3039000,40.34
2003-06-17,42.15,42.15,40.47,41.57,2456200,41.57
2003-06-16,40.54,41.64,40.24,41.45,3020000,41.45
2003-06-13,40.55,41.33,39.99,40.14,2454000,40.14
2003-06-12,40.45,41.50,40.00,41.22,4514300,41.22
2003-06-11,39.63,40.41,38.85,40.29,4101000,40.29
2003-06-10,38.36,39.15,37.83,39.14,2371000,39.14
2003-06-09,39.87,40.02,38.02,38.36,3779300,38.36
2003-06-06,41.56,42.06,39.50,39.50,6073900,39.50
2003-06-05,38.55,41.88,38.51,40.94,8450600,40.94
2003-06-04,38.89,38.89,38.01,38.56,4552700,38.56
2003-06-03,39.30,39.63,37.95,38.31,3418700,38.31
2003-06-02,40.35,40.75,38.36,38.57,5152500,38.57
2003-05-30,37.78,38.26,37.05,38.22,4482900,38.22
2003-05-29,39.18,39.80,36.85,37.19,5388300,37.19
2003-05-28,39.32,40.03,38.15,38.77,3432100,38.77
2003-05-27,36.90,41.22,36.32,39.65,7195400,39.65
2003-05-23,35.17,38.57,35.00,37.76,9195700,37.76
2003-05-22,33.46,35.20,33.30,35.00,3529000,35.00
2003-05-21,33.70,34.04,32.52,33.30,2504800,33.30
2003-05-20,34.10,34.20,33.02,33.53,2082900,33.53
2003-05-19,34.46,35.52,33.87,34.13,5385100,34.13
2003-05-16,34.54,34.60,33.79,34.18,3111100,34.18
2003-05-15,33.41,34.79,33.36,34.44,2134000,34.44
2003-05-14,33.41,34.00,33.05,33.38,2126000,33.38
2003-05-13,33.51,34.18,33.25,33.46,1394600,33.46
2003-05-12,33.11,33.98,32.50,33.70,2430500,33.70
2003-05-09,32.24,33.17,32.24,33.03,2710900,33.03
2003-05-08,32.55,32.79,32.14,32.35,2803000,32.35
2003-05-07,32.70,33.35,32.48,32.80,3333600,32.80
2003-05-06,33.80,33.88,32.38,32.55,5601600,32.55
2003-05-05,34.45,35.88,34.10,34.15,5460200,34.15
2003-05-02,33.20,34.28,32.68,34.18,3503800,34.18
2003-05-01,33.00,33.49,31.87,33.06,2889800,33.06
2003-04-30,33.14,33.49,32.58,32.75,2769100,32.75
2003-04-29,33.00,33.99,32.79,33.15,2071600,33.15
2003-04-28,32.51,33.47,32.13,33.00,2634700,33.00
2003-04-25,32.94,33.17,32.15,32.22,4009100,32.22
2003-04-24,33.16,34.38,32.64,33.85,5069900,33.85
2003-04-23,33.11,34.17,32.80,33.86,3933700,33.86
2003-04-22,32.14,32.95,31.22,32.95,3129000,32.95
2003-04-21,32.42,32.50,31.50,31.85,1952800,31.85
2003-04-17,30.37,32.26,30.16,31.88,4562200,31.88
2003-04-16,31.71,32.09,30.01,30.07,6050000,30.07
2003-04-15,31.31,31.44,30.47,31.35,3869700,31.35
2003-04-14,31.64,31.85,30.95,31.39,2390000,31.39
2003-04-11,32.07,32.15,31.25,31.63,3625500,31.63
2003-04-10,31.23,31.72,30.80,31.59,11873200,31.59
2003-04-09,34.63,35.22,33.90,33.94,3788700,33.94
2003-04-08,35.22,35.52,34.25,34.58,4689300,34.58
2003-04-07,37.91,38.10,34.44,34.84,7355200,34.84
2003-04-04,36.95,38.16,36.50,36.95,4403900,36.95
2003-04-03,35.65,37.65,35.12,37.26,7372300,37.26
2003-04-02,35.05,35.52,34.65,35.14,3373000,35.14
2003-04-01,34.89,35.00,33.78,34.10,2524900,34.10
2003-03-31,34.98,35.01,34.08,34.22,2592500,34.22
2003-03-28,35.31,36.04,35.15,35.36,2252300,35.36
2003-03-27,34.34,35.81,34.13,35.54,3461700,35.54
2003-03-26,34.38,34.95,34.05,34.37,2862500,34.37
2003-03-25,33.04,34.37,32.99,34.30,3619000,34.30
2003-03-24,33.98,33.99,32.74,32.88,3114300,32.88
2003-03-21,34.87,35.19,33.63,34.37,5135800,34.37
2003-03-20,33.57,34.87,33.25,34.50,5020100,34.50
2003-03-19,34.06,34.10,32.77,33.83,4759700,33.83
2003-03-18,32.57,34.13,32.10,34.08,5298400,34.08
2003-03-17,30.30,32.80,30.17,32.62,5881800,32.62
2003-03-14,30.40,30.87,29.74,30.34,5621600,30.34
2003-03-13,29.46,30.59,28.75,30.49,5346500,30.49
2003-03-12,28.09,28.63,27.80,28.38,3457600,28.38
2003-03-11,28.61,29.12,27.94,28.09,2568300,28.09
2003-03-10,28.40,29.11,28.31,28.69,2651100,28.69
2003-03-07,28.62,29.60,28.16,28.60,4042400,28.60
2003-03-06,28.69,29.27,28.45,28.72,3147000,28.72
2003-03-05,28.91,29.50,28.66,28.67,3037800,28.67
2003-03-04,29.19,29.38,28.68,28.72,1956600,28.72
2003-03-03,28.59,30.11,28.54,29.10,4056900,29.10
2003-02-28,29.25,29.38,28.50,28.75,3147600,28.75
2003-02-27,28.68,29.35,28.50,29.16,2118800,29.16
2003-02-26,29.34,29.68,28.50,28.57,3008800,28.57
2003-02-25,28.69,29.75,28.26,29.51,5781500,29.51
2003-02-24,29.84,29.85,29.04,29.10,1939400,29.10
2003-02-21,29.00,30.40,28.94,29.99,3214700,29.99
2003-02-20,29.91,30.36,29.15,29.50,3277300,29.50
2003-02-19,30.75,30.93,29.93,30.37,1801500,30.37
2003-02-18,30.02,30.80,29.93,30.65,2266600,30.65
2003-02-14,29.58,30.22,29.31,29.90,2435700,29.90
2003-02-13,30.25,30.27,28.38,29.46,4330500,29.46
2003-02-12,30.73,31.32,30.22,30.27,2347000,30.27
2003-02-11,31.04,31.35,30.58,30.90,2456200,30.90
2003-02-10,30.90,31.20,30.29,30.75,1905300,30.75
2003-02-07,31.09,31.37,30.27,30.86,2667200,30.86
2003-02-06,30.78,31.15,30.47,30.71,2271900,30.71
2003-02-05,30.90,31.69,30.02,30.98,4131500,30.98
2003-02-04,32.35,32.35,30.32,30.71,4739500,30.71
2003-02-03,32.08,32.69,31.89,32.41,2710500,32.41
2003-01-31,31.58,32.81,31.52,32.08,3397900,32.08
2003-01-30,32.02,32.60,31.46,31.57,3360100,31.57
2003-01-29,32.25,32.55,31.29,31.50,3286400,31.50
2003-01-28,32.13,32.50,31.32,32.22,3895400,32.22
2003-01-27,31.75,32.92,31.43,31.89,4301500,31.89
2003-01-24,34.15,34.16,31.84,32.48,5661700,32.48
2003-01-23,34.42,34.54,33.48,34.15,5091600,34.15
2003-01-22,35.34,36.14,34.51,34.58,3986500,34.58
2003-01-21,35.17,35.60,34.40,35.37,3999500,35.37
2003-01-17,36.00,36.24,34.95,35.05,4753500,35.05
2003-01-16,35.41,37.14,34.95,36.05,12192900,36.05
2003-01-15,34.23,34.26,33.30,33.42,4806800,33.42
2003-01-14,33.90,34.47,33.71,34.05,3198200,34.05
2003-01-13,34.50,34.75,33.57,34.04,3207700,34.04
2003-01-10,33.04,34.20,32.61,33.87,3381500,33.87
2003-01-09,33.11,34.17,32.77,33.15,2917200,33.15
2003-01-08,34.16,34.20,32.90,33.03,2896400,33.03
2003-01-07,34.28,34.79,33.60,34.24,3088800,34.24
2003-01-06,33.98,35.50,33.80,34.23,3248100,34.23
2003-01-03,34.16,34.71,33.50,33.69,1985400,33.69
2003-01-02,33.38,34.83,33.21,34.34,3464100,34.34
2002-12-31,33.30,33.55,32.77,33.17,2253000,33.17
2002-12-30,33.55,33.71,32.56,33.17,1871100,33.17
2002-12-27,34.70,34.94,33.52,33.62,1927600,33.62
2002-12-26,35.01,35.49,34.60,35.02,2103800,35.02
2002-12-24,35.50,35.92,34.75,35.04,939800,35.04
2002-12-23,34.43,35.79,34.20,35.68,3250800,35.68
2002-12-20,34.06,34.73,33.82,34.35,2700100,34.35
2002-12-19,34.30,34.52,33.85,34.02,3344100,34.02
2002-12-18,34.00,34.70,33.74,34.00,4889500,34.00
2002-12-17,33.68,35.25,33.45,34.39,3946500,34.39
2002-12-16,32.60,34.10,32.00,33.93,4735900,33.93
2002-12-13,34.45,34.59,33.10,33.43,3562800,33.43
2002-12-12,34.43,35.22,34.43,34.84,3096500,34.84
2002-12-11,34.16,34.65,33.67,34.21,2430600,34.21
2002-12-10,34.56,35.25,34.08,34.13,4631100,34.13
2002-12-09,32.55,34.39,32.30,33.32,6357000,33.32
2002-12-06,32.71,34.15,31.60,32.61,5484900,32.61
2002-12-05,32.48,33.22,32.48,32.82,4445800,32.82
2002-12-04,32.29,33.45,31.80,32.29,5172800,32.29
2002-12-03,32.09,32.60,31.17,32.29,8925000,32.29
2002-12-02,33.31,34.65,32.54,33.45,5059300,33.45
2002-11-29,33.04,33.23,32.58,32.81,1554100,32.81
2002-11-27,33.31,33.73,32.84,33.14,7581900,33.14
2002-11-26,33.50,34.25,32.04,32.84,17060600,32.84
2002-11-25,39.51,39.51,35.56,36.24,9175000,36.24
2002-11-22,40.21,40.87,39.05,39.37,3148300,39.37
2002-11-21,38.54,40.89,38.28,40.36,5812800,40.36
2002-11-20,38.37,39.30,37.75,38.54,5582000,38.54
2002-11-19,38.94,39.89,37.74,38.24,5314900,38.24
2002-11-18,40.65,41.32,38.05,39.34,4341900,39.34
2002-11-15,42.06,42.16,39.87,40.36,4650800,40.36
2002-11-14,42.39,42.93,41.67,42.20,3182000,42.20
2002-11-13,42.42,42.78,41.20,42.18,4867100,42.18
2002-11-12,42.86,43.27,41.78,42.36,3261000,42.36
2002-11-11,43.19,43.72,42.03,42.14,2204300,42.14
2002-11-08,43.85,44.30,42.02,42.19,3215000,42.19
2002-11-07,45.15,46.06,43.44,43.68,3429800,43.68
2002-11-06,46.26,46.27,44.49,45.59,4743100,45.59
2002-11-05,46.11,47.41,44.97,46.30,4871400,46.30
2002-11-04,47.00,47.20,45.99,46.34,3043400,46.34
2002-11-01,46.06,46.67,45.29,46.57,3561600,46.57
2002-10-31,44.67,46.50,44.66,46.02,4720600,46.02
2002-10-30,43.90,45.60,43.40,44.66,4546000,44.66
2002-10-29,44.12,44.34,42.50,43.21,2443300,43.21
2002-10-28,43.99,45.00,43.57,43.95,2765100,43.95
2002-10-25,42.91,44.37,42.82,44.26,3033200,44.26
2002-10-24,44.56,44.70,42.35,42.49,2453800,42.49
2002-10-23,44.35,44.69,43.12,44.40,3092800,44.40
2002-10-22,45.45,45.99,43.91,44.24,5037900,44.24
2002-10-21,43.35,46.13,43.21,46.13,5868500,46.13
2002-10-18,43.30,44.54,43.09,43.42,4520900,43.42
2002-10-17,41.49,43.85,40.91,43.73,6474900,43.73
2002-10-16,41.13,42.40,40.00,40.42,5244800,40.42
2002-10-15,40.61,41.71,40.59,41.46,6267900,41.46
2002-10-14,38.62,39.95,38.52,39.21,3776500,39.21
2002-10-11,39.03,39.90,38.32,38.67,4570200,38.67
2002-10-10,37.90,39.08,36.57,38.60,7152400,38.60
2002-10-09,37.52,37.81,35.37,36.42,7288200,36.42
2002-10-08,37.77,38.45,36.59,37.60,4773000,37.60
2002-10-07,36.21,38.40,36.16,37.55,4856200,37.55
2002-10-04,39.43,39.47,36.20,36.40,8587900,36.40
2002-10-03,40.77,41.50,39.15,39.30,4451400,39.30
2002-10-02,41.64,42.24,40.24,40.71,6547300,40.71
2002-10-01,41.81,41.94,39.00,41.66,10080500,41.66
2002-09-30,41.55,42.74,40.33,41.52,6735700,41.52
2002-09-27,42.20,44.34,41.80,42.22,7311400,42.22
2002-09-26,42.40,42.85,40.77,42.49,6173100,42.49
2002-09-25,40.42,42.34,40.16,42.34,6278000,42.34
2002-09-24,38.01,40.18,37.65,39.65,5335400,39.65
2002-09-23,39.83,39.88,37.50,38.40,5535700,38.40
2002-09-20,39.50,40.45,37.79,40.03,10847000,40.03
2002-09-19,43.79,43.79,38.84,41.30,9578700,41.30
2002-09-18,43.80,44.94,43.25,44.24,3673500,44.24
2002-09-17,44.25,44.80,43.25,44.03,4539000,44.03
2002-09-16,43.16,44.06,42.60,43.70,2681200,43.70
2002-09-13,41.41,43.90,41.32,43.63,4301300,43.63
2002-09-12,43.30,43.50,41.69,41.79,3217400,41.79
2002-09-11,43.50,44.98,43.25,43.64,2889100,43.64
2002-09-10,41.75,43.69,41.60,43.33,4262800,43.33
2002-09-09,40.44,42.76,40.03,42.10,3600200,42.10
2002-09-06,39.90,41.72,39.90,40.71,3600700,40.71
2002-09-05,39.51,40.19,38.84,39.10,5144100,39.10
2002-09-04,39.01,41.31,38.48,40.87,3729900,40.87
2002-09-03,40.04,40.04,38.60,38.99,5783000,38.99
2002-08-30,41.50,41.78,40.07,40.18,2913500,40.18
2002-08-29,41.14,42.45,40.42,41.83,4055300,41.83
2002-08-28,40.83,42.05,40.71,41.41,3738400,41.41
2002-08-27,42.43,42.90,41.05,41.30,4316600,41.30
2002-08-26,43.17,43.18,40.84,42.08,5863700,42.08
2002-08-23,46.46,46.46,43.25,43.27,5196700,43.27
2002-08-22,44.99,47.67,44.21,46.77,3857200,46.77
2002-08-21,44.20,45.15,43.78,45.13,2812300,45.13
2002-08-20,43.83,44.87,43.51,43.71,3306700,43.71
2002-08-19,45.10,45.21,43.67,44.33,3524300,44.33
2002-08-16,45.50,46.25,44.74,45.30,2614900,45.30
2002-08-15,45.98,46.98,44.34,45.84,4830100,45.84
2002-08-14,43.79,45.78,42.51,45.76,5031800,45.76
2002-08-13,46.27,46.40,43.78,43.89,5056300,43.89
2002-08-12,45.43,47.01,44.88,46.28,2688400,46.28
2002-08-09,44.35,47.40,44.11,45.87,5149400,45.87
2002-08-08,42.61,45.71,42.45,44.85,6040900,44.85
2002-08-07,42.35,42.95,41.00,42.61,4056400,42.61
2002-08-06,40.46,42.32,40.35,41.63,4742500,41.63
2002-08-05,41.70,43.01,40.01,40.35,4198600,40.35
2002-08-02,42.40,44.09,41.23,41.75,4617100,41.75
2002-08-01,44.30,44.31,42.66,42.67,3737700,42.67
2002-07-31,43.56,45.30,43.00,44.59,5265500,44.59
2002-07-30,42.00,45.35,41.50,44.00,6512600,44.00
2002-07-29,40.28,42.65,40.23,42.29,5399700,42.29
2002-07-26,40.40,40.60,38.20,39.50,4779300,39.50
2002-07-25,40.63,42.30,39.56,40.56,6927500,40.56
2002-07-24,37.35,40.06,35.75,39.99,6598100,39.99
2002-07-23,38.30,39.11,37.26,37.59,5945700,37.59
2002-07-22,38.76,40.00,36.36,38.20,5580900,38.20
2002-07-19,40.32,40.32,38.11,38.78,5409100,38.78
2002-07-18,41.90,41.90,39.20,40.73,6495100,40.73
2002-07-17,40.56,42.50,39.75,41.56,9943100,41.56
2002-07-16,36.00,40.49,35.99,38.91,7975500,38.91
2002-07-15,35.95,37.11,34.74,36.96,5486200,36.96
2002-07-12,34.60,37.25,34.20,36.26,8311600,36.26
2002-07-11,32.28,34.53,31.10,33.93,8937900,33.93
2002-07-10,32.39,32.70,29.91,30.15,5310500,30.15
2002-07-09,34.94,35.08,32.72,32.81,3345900,32.81
2002-07-08,34.94,36.19,34.55,34.57,3527800,34.57
2002-07-05,34.05,35.22,34.04,34.97,1477900,34.97
2002-07-03,31.49,33.72,31.06,33.45,5041700,33.45
2002-07-02,31.90,33.66,20.76,31.60,13752000,31.60
2002-07-01,34.01,34.85,32.18,32.60,4954400,32.60
2002-06-28,36.51,37.25,35.00,35.45,3750500,35.45
2002-06-27,36.47,36.92,35.51,36.30,4745600,36.30
2002-06-26,32.97,36.20,32.41,35.91,6446000,35.91
2002-06-25,34.96,35.85,33.60,33.86,4751500,33.86
2002-06-24,32.52,35.55,32.50,34.46,6091600,34.46
2002-06-21,33.90,35.11,32.60,32.61,5070000,32.61
2002-06-20,35.40,36.34,33.61,33.98,4842000,33.98
2002-06-19,36.50,38.18,35.84,35.95,5917400,35.95
2002-06-18,37.70,37.97,36.25,36.27,3983900,36.27
2002-06-17,35.85,38.22,35.82,37.67,5545400,37.67
2002-06-14,32.31,35.62,31.45,35.13,7265600,35.13
2002-06-13,32.05,33.53,31.36,33.00,6853800,33.00
2002-06-12,31.91,32.10,30.75,31.84,9105900,31.84
2002-06-11,34.69,35.30,31.45,32.03,21053000,32.03
2002-06-10,38.44,38.93,37.65,38.37,5005400,38.37
2002-06-07,35.70,39.06,35.09,38.24,6726600,38.24
2002-06-06,38.76,39.15,36.31,37.50,7610300,37.50
2002-06-05,38.75,39.74,38.12,38.90,5445400,38.90
2002-06-04,39.70,40.27,37.57,38.10,7715000,38.10
2002-06-03,42.85,42.85,39.59,39.76,4885000,39.76
2002-05-31,44.70,45.18,42.60,42.89,3400600,42.89
2002-05-30,43.75,44.54,42.58,44.40,3224400,44.40
2002-05-29,44.78,45.93,43.45,43.65,3385200,43.65
2002-05-28,44.65,45.99,43.06,45.25,3823200,45.25
2002-05-24,46.10,47.39,44.00,44.44,5213200,44.44
2002-05-23,44.47,47.60,42.57,47.30,5203800,47.30
2002-05-22,42.44,43.82,42.06,43.69,4143600,43.69
2002-05-21,46.01,46.14,42.21,42.21,6036100,42.21
2002-05-20,47.76,48.06,45.05,45.21,3759600,45.21
2002-05-17,45.88,48.18,45.77,47.93,4801600,47.93
2002-05-16,47.44,47.95,45.50,45.61,4177900,45.61
2002-05-15,45.86,49.10,45.31,47.62,7875500,47.62
2002-05-14,46.64,46.75,41.20,45.95,14860000,45.95
2002-05-13,46.50,47.63,44.34,44.60,7130800,44.60
2002-05-10,49.39,49.39,45.02,45.99,8209300,45.99
2002-05-09,51.78,52.69,49.03,49.11,3845100,49.11
2002-05-08,49.70,52.10,49.00,52.05,6059400,52.05
2002-05-07,48.15,49.50,46.38,47.57,5617500,47.57
2002-05-06,50.80,50.85,47.16,47.50,5726000,47.50
2002-05-03,52.00,52.63,48.20,50.87,7724600,50.87
2002-05-02,53.45,55.21,52.30,52.51,3716700,52.51
2002-05-01,54.87,54.88,53.14,54.25,4088500,54.25
2002-04-30,52.50,55.27,51.14,54.95,8395600,54.95
2002-04-29,54.56,54.89,51.79,52.52,5625100,52.52
2002-04-26,57.00,57.02,54.50,54.65,5433100,54.65
2002-04-25,58.28,58.33,55.75,56.73,4678800,56.73
2002-04-24,59.87,60.10,58.17,58.33,12542400,58.33
2002-04-23,62.71,62.96,60.87,61.15,3049600,61.15
2002-04-22,62.51,63.16,61.26,62.83,3011500,62.83
2002-04-19,64.66,64.71,62.08,62.73,3087000,62.73
2002-04-18,60.98,64.37,60.67,64.00,3310700,64.00
2002-04-17,61.80,61.85,60.65,61.00,2191100,61.00
2002-04-16,61.95,62.65,60.77,61.52,3052300,61.52
2002-04-15,60.44,61.88,59.06,61.65,2825300,61.65
2002-04-12,59.96,60.50,58.23,60.18,3645800,60.18
2002-04-11,61.72,62.48,59.28,59.37,4823000,59.37
2002-04-10,60.11,62.47,59.24,61.70,8881200,61.70
2002-04-09,60.00,60.39,57.67,57.94,3590400,57.94
2002-04-08,59.40,60.93,58.25,59.78,4944200,59.78
2002-04-05,61.39,61.79,58.19,60.04,8174100,60.04
2002-04-04,63.15,64.37,60.56,60.93,5481000,60.93
2002-04-03,65.25,65.68,61.92,63.19,4606400,63.19
2002-04-02,65.25,66.84,64.10,64.78,4217200,64.78
2002-04-01,64.37,65.81,63.38,65.55,3682700,65.55
2002-03-28,67.94,68.00,64.09,64.30,5280300,64.30
2002-03-27,67.50,69.08,67.20,67.73,2618600,67.73
2002-03-26,67.18,68.85,67.03,67.99,3102800,67.99
2002-03-25,69.20,69.43,66.51,67.15,3207100,67.15
2002-03-22,69.79,70.88,69.18,69.20,2035600,69.20
2002-03-21,67.89,70.73,66.75,70.18,3249500,70.18
2002-03-20,69.80,70.39,67.58,67.62,2649800,67.62
2002-03-19,70.76,71.40,69.54,70.34,1910100,70.34
2002-03-18,69.69,71.13,68.86,70.96,4333800,70.96
2002-03-15,68.21,70.00,68.06,69.93,2797200,69.93
2002-03-14,68.90,69.58,67.16,68.22,2799700,68.22
2002-03-13,68.40,69.95,68.33,69.31,4668100,69.31
2002-03-12,65.85,67.48,65.06,66.38,2118000,66.38
2002-03-11,67.60,67.83,66.16,66.16,3077500,66.16
2002-03-08,67.69,69.10,67.17,67.59,2696200,67.59
2002-03-07,68.65,69.55,67.33,67.44,2220000,67.44
2002-03-06,66.20,69.37,66.03,68.97,3665400,68.97
2002-03-05,67.44,68.50,65.65,65.73,3504400,65.73
2002-03-04,66.05,67.87,66.00,67.56,3006400,67.56
2002-03-01,62.58,65.55,61.10,65.24,3479200,65.24
2002-02-28,64.46,65.40,62.77,62.82,3304800,62.82
2002-02-27,65.40,65.58,63.41,63.42,3230800,63.42
2002-02-26,63.36,64.69,63.26,64.12,3624900,64.12
2002-02-25,62.12,63.60,60.29,63.06,3583400,63.06
2002-02-22,61.04,62.79,59.74,62.06,3105300,62.06
2002-02-21,62.00,63.60,60.38,60.92,4800200,60.92
2002-02-20,60.74,62.10,59.72,62.10,8544300,62.10
2002-02-19,58.46,58.50,56.01,56.01,2351100,56.01
2002-02-15,58.10,60.28,57.17,58.99,2564200,58.99
2002-02-14,59.55,60.73,57.75,57.83,2821100,57.83
2002-02-13,61.00,62.13,59.07,59.38,4235400,59.38
2002-02-12,57.94,60.35,57.10,59.80,5612900,59.80
2002-02-11,57.09,57.80,55.80,56.58,4077700,56.58
2002-02-08,52.16,57.51,52.15,57.39,4198300,57.39
2002-02-07,53.11,53.73,50.08,51.95,6537800,51.95
2002-02-06,56.09,56.10,53.11,53.30,3657900,53.30
2002-02-05,55.32,57.36,54.59,55.40,4457500,55.40
2002-02-04,58.30,58.30,55.02,55.49,3756700,55.49
2002-01-31,58.20,60.55,57.24,59.46,4063400,59.46
2002-01-30,56.70,57.98,55.20,57.85,9049900,57.85
2002-01-29,61.99,62.56,59.16,59.51,3951000,59.51
2002-01-28,63.80,64.25,61.05,61.56,2053100,61.56
2002-01-25,64.18,65.33,62.98,63.49,2129700,63.49
2002-01-24,64.81,65.45,62.52,64.23,4422000,64.23
2002-01-23,62.66,65.14,61.78,65.06,4241200,65.06
2002-01-22,61.29,63.49,60.68,61.74,3894700,61.74
2002-01-18,61.66,63.10,59.41,60.63,4097600,60.63
2002-01-17,63.42,63.62,59.20,62.07,5079600,62.07
2002-01-16,63.49,65.00,62.38,62.41,3177000,62.41
2002-01-15,63.90,64.73,63.00,63.60,2756900,63.60
2002-01-14,66.00,66.70,64.04,64.05,2578500,64.05
2002-01-11,65.40,66.68,64.81,65.89,2657100,65.89
2002-01-10,63.39,65.32,62.10,64.92,3534600,64.92
2002-01-09,65.32,65.50,62.90,63.21,4151400,63.21
2002-01-08,63.19,64.36,62.91,64.26,7158900,64.26
2002-01-07,65.09,65.48,62.29,62.31,4623700,62.31
2002-01-04,64.00,65.84,61.25,64.77,8976500,64.77
2002-01-03,67.81,68.00,63.71,63.94,7838600,63.94
2002-01-02,68.95,69.98,67.28,68.15,4295700,68.15
2001-12-31,72.21,72.21,68.92,68.93,1989500,68.93
2001-12-28,70.15,72.51,70.14,72.23,1893000,72.23
2001-12-27,70.56,71.20,69.10,70.25,1259800,70.25
2001-12-26,69.95,71.39,69.44,70.43,1112000,70.43
2001-12-24,68.66,70.04,68.28,69.57,786800,69.57
2001-12-21,67.60,69.38,67.25,68.28,2869100,68.28
2001-12-20,70.08,70.66,67.58,67.60,2516600,67.60
2001-12-19,70.78,72.60,69.50,69.94,3413400,69.94
2001-12-18,70.70,72.39,70.47,71.16,2424100,71.16
2001-12-17,67.52,71.42,67.51,70.99,4052800,70.99
2001-12-14,67.17,68.75,63.67,67.70,7026100,67.70
2001-12-13,66.92,68.88,66.34,67.41,2787100,67.41
2001-12-12,68.08,68.22,64.95,67.29,4253000,67.29
2001-12-11,65.46,68.64,64.80,67.75,4672700,67.75
2001-12-10,68.59,68.93,64.81,64.81,5033500,64.81
2001-12-07,71.17,71.25,68.43,68.75,2903300,68.75
2001-12-06,70.99,73.32,70.74,71.15,2517300,71.15
2001-12-05,70.75,72.01,70.00,70.76,3695800,70.76
2001-12-04,69.25,69.50,66.55,69.43,3594500,69.43
2001-12-03,69.75,71.19,68.94,69.26,3136600,69.26
2001-11-30,68.75,70.68,68.62,70.30,3333200,70.30
2001-11-29,67.00,69.27,66.15,69.21,3395400,69.21
2001-11-28,69.30,69.40,66.70,67.23,3676400,67.23
2001-11-27,70.04,70.47,68.33,69.67,2716500,69.67
2001-11-26,67.19,70.37,66.66,70.31,3402800,70.31
2001-11-23,66.66,67.30,66.24,67.00,1036100,67.00
2001-11-21,67.49,67.75,66.07,66.97,3047200,66.97
2001-11-20,70.00,70.82,67.00,67.47,2731200,67.47
2001-11-19,67.86,70.58,67.35,70.54,3080500,70.54
2001-11-16,67.26,68.38,66.32,67.61,1506500,67.61
2001-11-15,67.03,68.73,66.68,67.33,1825800,67.33
2001-11-14,68.37,68.83,66.25,67.18,2206600,67.18
2001-11-13,66.05,67.60,65.40,67.60,3607200,67.60
2001-11-12,62.70,64.50,60.04,64.25,2223000,64.25
2001-11-09,63.20,63.50,60.99,62.71,2076300,62.71
2001-11-08,65.00,66.35,63.00,63.11,3151800,63.11
2001-11-07,65.61,67.27,64.50,64.83,3353900,64.83
2001-11-06,64.00,66.24,63.44,65.51,3931500,65.51
2001-11-05,62.33,64.66,62.17,63.92,3349900,63.92
2001-11-02,61.30,63.23,60.87,61.20,2745900,61.20
2001-11-01,60.08,61.23,58.50,61.20,2172300,61.20
2001-10-31,59.49,61.25,59.00,59.98,4204600,59.98
2001-10-30,56.25,59.45,55.40,59.21,3466700,59.21
2001-10-29,60.37,60.38,56.84,56.89,2452200,56.89
2001-10-26,59.89,61.58,59.40,60.55,2490700,60.55
2001-10-25,56.49,60.09,55.50,59.86,2770900,59.86
2001-10-24,56.80,58.98,56.39,57.05,2181800,57.05
2001-10-23,57.51,57.76,55.97,57.12,2839700,57.12
2001-10-22,54.95,58.08,54.95,57.23,2748500,57.23
2001-10-19,53.50,55.44,52.40,55.00,3049200,55.00
2001-10-18,52.00,53.40,50.70,53.39,2248500,53.39
2001-10-17,55.46,55.50,51.75,51.91,2205200,51.91
2001-10-16,53.95,55.15,53.65,53.94,2028500,53.94
2001-10-15,52.70,54.55,52.50,53.49,1960200,53.49
2001-10-12,52.90,53.65,50.61,52.93,3764000,52.93
2001-10-11,54.30,56.51,52.23,52.97,8527900,52.97
2001-10-10,49.42,50.61,48.48,50.07,8581300,50.07
2001-10-09,49.15,51.59,48.56,50.33,2725100,50.33
2001-10-08,50.24,50.97,48.15,48.82,2010900,48.82
2001-10-05,51.26,52.39,49.25,50.62,2632700,50.62
2001-10-04,53.72,55.41,51.35,51.47,5371600,51.47
2001-10-03,50.90,55.10,50.75,53.74,3296200,53.74
2001-10-02,51.88,52.10,49.37,51.62,2969700,51.62
2001-10-01,48.50,52.10,47.07,51.60,3804000,51.60
2001-09-28,52.20,52.97,49.15,49.57,4259100,49.57
2001-09-27,46.64,51.30,45.70,51.27,3521500,51.27
2001-09-26,46.79,47.86,45.70,46.36,3190300,46.36
2001-09-25,44.90,47.91,44.81,46.06,4060800,46.06
2001-09-24,47.95,49.50,44.78,45.34,4294000,45.34
2001-09-21,47.14,49.49,45.89,46.58,5953100,46.58
2001-09-20,48.40,52.50,48.35,50.09,4305600,50.09
2001-09-19,51.23,51.50,46.75,49.81,5972400,49.81
2001-09-18,54.53,54.70,49.85,50.31,3427200,50.31
2001-09-17,54.00,58.04,53.21,53.94,6109700,53.94
2001-09-10,57.80,60.20,54.67,56.15,8436600,56.15
2001-09-07,57.08,57.90,55.02,57.61,3538800,57.61
2001-09-06,58.56,59.71,56.31,56.70,3469400,56.70
2001-09-05,59.31,60.70,57.68,58.56,3649400,58.56
2001-09-04,59.63,62.49,59.13,59.27,3628000,59.27
2001-08-31,60.23,60.96,58.58,59.27,2327100,59.27
2001-08-30,59.49,61.40,59.49,60.42,2786700,60.42
2001-08-29,60.25,61.69,59.07,60.04,2902600,60.04
2001-08-28,60.64,60.65,58.61,59.91,2839000,59.91
2001-08-27,60.82,62.33,60.17,60.34,3022400,60.34
2001-08-24,58.05,60.95,57.94,60.92,5001200,60.92
2001-08-23,53.01,58.15,53.01,57.37,10206800,57.37
2001-08-22,50.58,53.35,49.11,52.89,2851100,52.89
2001-08-21,50.10,52.67,50.02,50.11,1856100,50.11
2001-08-20,50.39,51.65,48.80,49.93,1439400,49.93
2001-08-17,51.10,52.29,50.05,50.31,1651800,50.31
2001-08-16,49.99,51.73,48.70,51.53,2179400,51.53
2001-08-15,52.55,53.00,49.95,50.82,3032300,50.82
2001-08-14,50.72,52.59,50.64,52.24,2583800,52.24
2001-08-13,48.68,50.99,47.69,50.77,2255300,50.77
2001-08-10,49.92,50.46,48.24,48.62,4428700,48.62
2001-08-09,47.17,48.61,46.05,48.29,2971400,48.29
2001-08-08,48.10,48.99,47.14,47.14,4060000,47.14
2001-08-07,49.67,49.90,47.12,47.96,3043400,47.96
2001-08-06,50.80,51.33,48.95,49.34,2389400,49.34
2001-08-03,50.65,51.50,48.68,50.41,3544600,50.41
2001-08-02,52.90,53.25,49.00,49.69,4471200,49.69
2001-08-01,54.61,55.20,50.90,51.05,4310100,51.05
2001-07-31,56.14,57.38,53.76,53.98,2346700,53.98
2001-07-30,56.51,57.40,54.94,55.79,1298900,55.79
2001-07-27,55.75,58.25,55.74,56.90,2249600,56.90
2001-07-26,53.43,57.00,53.42,55.12,2673900,55.12
2001-07-25,54.10,54.90,52.90,52.93,3484900,52.93
2001-07-24,55.02,55.45,53.65,53.96,3311200,53.96
2001-07-23,56.12,58.05,54.91,55.04,3615800,55.04
2001-07-20,51.85,53.61,51.09,52.98,2962000,52.98
2001-07-19,53.50,54.23,50.77,51.60,2743600,51.60
2001-07-18,51.94,54.07,51.50,52.77,2673200,52.77
2001-07-17,50.40,52.19,50.07,52.15,3478200,52.15
2001-07-16,54.60,54.71,49.60,49.99,4076800,49.99
2001-07-13,52.22,56.47,52.22,54.77,4189100,54.77
2001-07-12,51.63,54.00,49.50,52.16,17803100,52.16
2001-07-11,60.79,62.53,59.12,61.48,4905300,61.48
2001-07-10,64.36,64.57,61.00,61.30,3986300,61.30
2001-07-09,61.92,64.14,61.92,63.78,2469100,63.78
2001-07-06,63.37,63.38,59.80,61.77,4072900,61.77
2001-07-05,68.09,68.59,63.59,63.60,3319400,63.60
2001-07-03,68.09,69.60,67.54,68.03,2802300,68.03
2001-07-02,67.96,68.10,64.22,65.75,3348900,65.75
2001-06-29,64.77,69.00,63.14,67.69,4874100,67.69
2001-06-28,64.28,68.77,63.50,64.98,4875900,64.98
2001-06-27,62.80,65.13,61.20,64.38,5949900,64.38
2001-06-26,64.00,65.50,62.50,62.84,2999200,62.84
2001-06-25,67.06,67.06,63.25,65.09,3346500,65.09
2001-06-22,68.51,68.51,65.00,66.73,3208300,66.73
2001-06-21,70.82,70.82,67.34,68.61,4439200,68.61
2001-06-20,69.99,73.50,68.82,70.84,4899600,70.84
2001-06-19,72.76,74.29,67.63,70.00,3253200,70.00
2001-06-18,73.51,74.91,70.31,71.47,3201500,71.47
2001-06-15,69.39,73.10,67.85,73.00,4069600,73.00
2001-06-14,67.65,70.97,66.40,70.35,3672300,70.35
2001-06-13,68.29,71.00,67.32,68.50,4869400,68.50
2001-06-12,65.94,69.20,65.05,67.97,3668200,67.97
2001-06-11,71.67,71.70,67.70,68.94,3342300,68.94
2001-06-08,72.64,73.07,71.20,71.66,2087400,71.66
2001-06-07,70.49,73.86,69.81,72.96,2946400,72.96
2001-06-06,74.05,74.09,69.74,70.96,5827800,70.96
2001-06-05,70.27,75.00,70.00,74.57,7059300,74.57
2001-06-04,66.52,69.20,65.44,68.96,4186300,68.96
2001-06-01,62.36,65.44,61.73,65.39,2547200,65.39
2001-05-31,61.99,63.35,60.45,61.60,3621000,61.60
2001-05-30,59.00,61.60,58.30,59.85,3448500,59.85
2001-05-29,60.90,62.40,59.20,60.42,1999200,60.42
2001-05-25,59.76,60.90,58.62,60.53,1592500,60.53
2001-05-24,57.45,60.50,56.85,60.42,3089200,60.42
2001-05-23,59.79,59.79,56.51,57.17,2351000,57.17
2001-05-22,62.69,62.70,59.70,60.20,3686300,60.20
2001-05-21,58.05,62.50,57.85,62.45,4952000,62.45
2001-05-18,55.41,58.46,54.83,57.05,3832100,57.05
2001-05-17,53.00,55.50,52.65,55.10,3952400,55.10
2001-05-16,49.01,54.05,48.65,53.18,4023500,53.18
2001-05-15,50.36,51.56,49.33,49.81,3089000,49.81
2001-05-14,53.35,53.49,50.10,50.64,2306700,50.64
2001-05-11,54.67,54.89,50.70,52.00,3812000,52.00
2001-05-10,55.16,55.25,52.20,52.81,2339400,52.81
2001-05-09,53.66,55.96,53.25,54.19,2020600,54.19
2001-05-08,53.72,55.60,51.75,55.02,3471400,55.02
2001-05-07,52.05,54.15,50.70,52.96,4115900,52.96
2001-05-04,44.05,53.25,42.90,51.94,8696200,51.94
2001-05-03,45.70,46.00,44.45,45.10,2703900,45.10
2001-05-02,47.30,47.60,44.86,46.54,3085700,46.54
2001-05-01,50.00,50.05,46.44,47.51,4129000,47.51
2001-04-30,49.45,51.15,48.65,49.20,4564000,49.20
2001-04-27,46.29,48.44,46.21,48.03,2222900,48.03
2001-04-26,46.57,47.79,43.64,45.10,2624800,45.10
2001-04-25,43.84,46.55,42.94,46.06,2857600,46.06
2001-04-24,45.14,45.14,42.68,43.09,3230200,43.09
2001-04-23,47.59,47.79,44.80,44.88,3139900,44.88
2001-04-20,45.52,49.81,45.52,48.27,9117000,48.27
2001-04-19,54.10,54.66,51.44,52.14,4603100,52.14
2001-04-18,53.30,57.06,51.10,54.65,6274300,54.65
2001-04-17,48.00,52.53,47.50,50.51,4784800,50.51
2001-04-16,49.76,52.00,48.00,48.78,3711200,48.78
2001-04-12,44.97,49.25,44.50,49.23,2716900,49.23
2001-04-11,48.60,49.20,42.25,45.37,4121600,45.37
2001-04-10,44.54,48.14,44.20,47.31,3008600,47.31
2001-04-09,42.60,44.96,42.13,43.39,2602000,43.39
2001-04-06,40.50,45.38,39.31,41.38,4386100,41.38
2001-04-05,38.00,42.33,36.75,42.12,4594600,42.12
2001-04-04,35.62,37.19,33.62,35.75,4858700,35.75
2001-04-03,37.88,38.38,33.50,35.69,5892600,35.69
2001-04-02,39.25,41.12,38.25,38.69,4249100,38.69
2001-03-30,41.75,41.75,39.38,40.00,3399300,40.00
2001-03-29,39.50,42.69,38.25,41.00,4758700,41.00
2001-03-28,37.56,40.75,35.75,39.38,3207000,39.38
2001-03-27,39.44,39.50,36.88,38.44,5041000,38.44
2001-03-26,40.69,41.75,38.38,39.06,4419600,39.06
2001-03-23,38.94,41.44,37.12,39.69,6289000,39.69
2001-03-22,41.50,41.69,32.62,38.56,12179800,38.56
2001-03-21,49.25,49.62,41.75,42.06,5447800,42.06
2001-03-20,53.06,54.00,48.75,49.12,2531300,49.12
2001-03-19,49.00,52.62,47.56,52.50,3102700,52.50
2001-03-16,50.75,51.94,48.00,48.12,4464400,48.12
2001-03-15,52.50,54.75,50.75,50.94,2543700,50.94
2001-03-14,46.00,54.00,46.00,51.12,5110000,51.12
2001-03-13,46.69,50.12,44.62,48.00,3577200,48.00
2001-03-12,49.44,52.00,45.62,45.69,3138700,45.69
2001-03-09,53.94,57.12,51.06,51.12,2267800,51.12
2001-03-08,54.50,56.38,54.38,55.62,2330500,55.62
2001-03-07,56.69,57.00,55.25,56.06,2094400,56.06
2001-03-06,56.19,59.38,56.19,57.00,4673600,57.00
2001-03-05,54.31,55.94,52.75,54.94,2225700,54.94
2001-03-02,52.81,57.25,52.75,54.31,2695200,54.31
2001-03-01,55.50,56.50,51.62,54.55,2400300,54.55
2001-02-28,55.47,57.50,53.00,56.38,1715100,56.38
2001-02-27,58.69,59.19,54.06,54.44,2097200,54.44
2001-02-26,55.20,59.12,55.19,58.00,3717000,58.00
2001-02-23,51.88,55.00,51.25,54.00,3342400,54.00
2001-02-22,53.58,54.12,50.06,52.56,2879100,52.56
2001-02-21,55.00,57.50,52.12,53.25,2341600,53.25
2001-02-20,56.12,57.12,54.00,55.50,2817200,55.50
2001-02-16,56.88,58.12,55.00,55.00,3736300,55.00
2001-02-15,60.19,61.75,58.75,59.50,2471400,59.50
2001-02-14,60.12,61.00,56.12,60.44,2076200,60.44
2001-02-13,62.48,63.00,59.00,59.62,2271200,59.62
2001-02-12,59.31,63.25,58.88,61.75,2534600,61.75
2001-02-09,58.69,60.12,58.44,59.31,1738100,59.31
2001-02-08,58.50,60.50,58.38,59.50,1752000,59.50
2001-02-07,58.06,60.69,57.62,58.12,2785700,58.12
2001-02-06,58.19,60.62,57.75,59.00,2211000,59.00
2001-02-05,55.94,58.75,55.02,57.50,2038000,57.50
2001-02-02,59.50,59.69,56.50,57.23,4011200,57.23
2001-02-01,58.75,58.81,56.38,57.06,2225200,57.06
2001-01-31,63.44,63.88,58.12,58.81,2834200,58.81
2001-01-30,67.12,67.56,62.19,62.62,3605800,62.62
2001-01-29,64.19,66.94,62.38,66.81,3500300,66.81
2001-01-26,60.00,64.88,59.69,63.31,1765300,63.31
2001-01-25,63.06,63.56,60.06,61.77,1780900,61.77
2001-01-24,63.69,65.69,63.00,64.06,4861400,64.06
2001-01-23,60.75,63.94,59.69,63.12,3419300,63.12
2001-01-22,59.62,62.31,57.25,60.12,3578100,60.12
2001-01-19,61.69,61.75,56.19,56.89,3840900,56.89
2001-01-18,55.38,59.00,53.12,56.88,3473300,56.88
2001-01-17,174.00,176.00,158.48,163.31,2048100,54.44
2001-01-16,167.44,174.38,164.31,172.00,1183800,57.33
2001-01-12,167.19,177.25,162.50,168.62,2945100,56.21
2001-01-11,160.25,169.75,154.88,165.00,2138400,55.00
2001-01-10,142.25,162.31,141.50,158.12,3273000,52.71
2001-01-09,152.19,153.00,139.50,143.50,2945700,47.83
2001-01-08,152.44,153.00,136.00,149.19,3955800,49.73
2001-01-05,166.19,167.75,151.75,155.06,2587200,51.69
2001-01-04,180.81,185.19,159.88,166.00,2844000,55.33
2001-01-03,176.56,189.00,157.50,186.31,4146900,62.10
2001-01-02,189.25,191.00,174.06,177.75,1897200,59.25
2000-12-29,196.56,205.12,189.25,189.56,1721100,63.19
2000-12-28,196.44,203.75,187.75,196.75,1343400,65.58
2000-12-27,199.06,203.75,194.56,199.94,956700,66.65
2000-12-26,193.88,207.00,193.88,202.37,1387200,67.46
2000-12-22,192.56,197.87,188.00,195.94,1234800,65.31
2000-12-21,185.00,193.31,173.87,187.19,2040000,62.40
2000-12-20,192.38,194.00,183.00,184.06,2970300,61.35
2000-12-19,223.63,232.94,196.00,200.38,3709500,66.79
2000-12-18,214.12,225.48,209.38,225.25,2181600,75.08
2000-12-15,210.31,211.25,195.00,209.44,4822200,69.81
2000-12-14,199.00,213.31,198.00,208.19,1325100,69.40
2000-12-13,210.13,213.00,194.44,203.38,1442100,67.79
2000-12-12,218.75,225.75,206.00,207.50,2116800,69.17
2000-12-11,217.81,224.19,209.00,218.00,1880100,72.67
2000-12-08,208.25,218.25,206.62,213.31,2126100,71.10
2000-12-07,198.00,204.62,193.63,203.06,990000,67.69
2000-12-06,188.94,203.25,188.94,198.50,1794600,66.17
2000-12-05,177.81,190.00,176.00,188.87,1565700,62.96
2000-12-04,184.00,184.00,168.94,173.38,2107500,57.79
2000-12-01,177.06,188.50,172.00,179.00,1831200,59.67
2000-11-30,184.31,190.63,173.38,174.06,1959900,58.02
2000-11-29,188.00,196.00,181.25,185.75,1499700,61.92
2000-11-28,191.00,194.50,185.50,188.62,1567200,62.88
2000-11-27,181.25,195.13,180.38,194.56,2474700,64.85
2000-11-24,171.50,177.62,169.50,169.50,723000,56.50
2000-11-22,158.00,170.00,153.50,168.19,1562400,56.06
2000-11-21,157.28,164.19,152.25,161.44,2092500,53.81
2000-11-20,165.38,170.50,151.12,152.44,2993400,50.81
2000-11-17,175.00,180.50,163.50,170.50,2443800,56.83
2000-11-16,179.12,185.00,174.62,175.44,2849400,58.48
2000-11-15,171.00,184.37,170.00,181.81,1923000,60.60
2000-11-14,168.00,176.75,163.63,170.87,2347200,56.96
2000-11-13,192.50,194.50,166.63,169.50,3295800,56.50
2000-11-10,205.00,209.56,198.52,199.69,670500,66.56
2000-11-09,214.88,219.75,196.00,209.44,1883400,69.81
2000-11-08,214.12,222.00,212.00,220.25,1203600,73.42
2000-11-07,210.25,211.75,206.00,210.13,817200,70.04
2000-11-06,212.00,212.00,201.38,209.06,1292700,69.69
2000-11-03,220.25,221.50,212.25,213.75,1088700,71.25
2000-11-02,209.64,219.50,207.38,218.06,1896000,72.69
2000-11-01,195.97,207.50,190.25,206.12,1407300,68.71
2000-10-31,185.00,196.31,182.62,196.12,1164900,65.38
2000-10-30,185.62,187.88,176.87,184.75,924600,61.58
2000-10-27,191.00,192.13,181.00,184.88,843900,61.62
2000-10-26,192.25,193.88,178.00,190.19,1311600,63.40
2000-10-25,199.00,202.00,186.50,187.00,1895100,62.33
2000-10-24,195.25,202.19,192.13,200.75,1921500,66.92
2000-10-23,194.25,201.00,193.94,196.89,1672500,65.63
2000-10-20,188.12,196.00,186.44,190.25,1217100,63.42
2000-10-19,185.94,189.94,177.13,188.62,1812300,62.88
2000-10-18,176.59,196.12,173.00,187.88,2038800,62.62
2000-10-17,169.50,185.69,169.00,182.06,2443200,60.69
2000-10-16,162.19,173.25,161.25,167.62,950100,55.88
2000-10-13,159.06,163.88,155.25,162.50,1049400,54.17
2000-10-12,167.00,171.00,158.06,159.88,1508700,53.29
2000-10-11,172.56,172.75,157.00,164.27,1570800,54.76
2000-10-10,164.50,175.50,163.37,169.00,1371900,56.33
2000-10-09,160.94,165.38,153.62,164.75,883200,54.92
2000-10-06,163.25,166.63,155.75,161.12,551700,53.71
2000-10-05,160.63,165.50,158.50,161.25,680400,53.75
2000-10-04,156.75,165.50,155.00,161.06,569700,53.69
2000-10-03,157.69,169.12,152.25,159.06,1424700,53.02
2000-10-02,176.25,176.31,155.19,157.00,1367400,52.33
2000-09-29,176.00,177.25,170.69,175.36,579600,58.45
2000-09-28,172.25,180.13,170.87,175.56,954600,58.52
2000-09-27,169.69,175.06,165.62,171.94,983100,57.31
2000-09-26,169.50,171.62,164.00,170.25,1172700,56.75
2000-09-25,169.88,177.38,166.94,168.25,1206300,56.08
2000-09-22,162.00,170.75,160.37,170.44,1191600,56.81
2000-09-21,151.00,168.62,149.52,167.25,1265700,55.75
2000-09-20,147.44,154.19,142.75,153.19,1036200,51.06
2000-09-19,140.50,147.28,137.31,146.69,871500,48.90
2000-09-18,144.94,146.50,137.69,139.31,552900,46.44
2000-09-15,143.81,148.00,143.75,146.38,792900,48.79
2000-09-14,141.38,146.44,139.75,141.75,612600,47.25
2000-09-13,136.00,138.88,135.27,137.75,509100,45.92
2000-09-12,138.06,141.88,135.00,136.00,572400,45.33
2000-09-11,146.56,146.75,136.06,137.50,1089000,45.83
2000-09-08,140.25,149.00,135.50,146.94,941400,48.98
2000-09-07,134.50,141.88,132.06,141.00,570600,47.00
2000-09-06,141.44,141.50,131.25,133.75,847500,44.58
2000-09-05,150.00,150.06,139.06,139.56,703800,46.52
2000-09-01,142.19,151.00,140.12,150.94,1226700,50.31
2000-08-31,136.37,142.69,134.12,139.63,635700,46.54
2000-08-30,137.50,138.13,134.69,135.94,505800,45.31
2000-08-25,135.09,141.44,135.00,139.37,898800,46.46
2000-08-24,128.12,136.75,127.50,136.37,679200,45.46
2000-08-23,127.00,129.75,126.50,127.56,598500,42.52
2000-08-22,131.25,133.25,127.25,127.37,596700,42.46
2000-08-21,132.00,132.06,128.50,130.25,280500,43.42
2000-08-18,133.12,135.75,130.25,131.94,495300,43.98
2000-08-17,125.62,132.94,124.75,131.56,684300,43.85
2000-08-16,132.00,132.13,124.00,125.75,764100,41.92
2000-08-15,131.81,133.50,129.00,129.17,387300,43.06
2000-08-14,137.06,138.75,131.00,132.81,602100,44.27
2000-08-11,139.19,139.25,130.63,136.00,916800,45.33
2000-08-10,135.75,141.00,129.00,140.38,617100,46.79
2000-08-09,137.56,139.69,133.25,135.00,311700,45.00
2000-08-08,142.19,142.94,134.50,136.12,545700,45.38
2000-08-07,137.87,142.88,136.81,142.75,789300,47.58
2000-08-04,137.50,141.44,131.00,137.00,459000,45.67
2000-08-03,129.25,138.31,126.50,135.88,877200,45.29
2000-08-02,128.06,135.50,125.62,134.44,1714500,44.81
2000-08-01,123.81,130.00,123.75,128.75,1183800,42.92
2000-07-31,117.94,124.50,114.00,122.81,906600,40.94
2000-07-28,128.00,128.00,114.31,116.00,1616100,38.67
2000-07-27,123.00,128.44,118.75,127.56,1106700,42.52
2000-07-26,115.22,127.86,110.25,125.56,1238400,41.85
2000-07-25,117.95,119.25,112.00,115.44,676200,38.48
2000-07-24,121.06,128.00,113.75,118.12,723300,39.38
2000-07-21,119.62,124.12,117.13,119.31,527100,39.77
2000-07-20,120.50,126.75,120.00,120.13,699000,40.04
2000-07-19,124.81,130.00,118.00,119.50,930900,39.83
2000-07-18,125.87,131.38,122.00,124.25,779400,41.42
2000-07-17,122.69,129.69,118.50,126.81,1753800,42.27
2000-07-14,115.00,123.06,112.19,118.00,880200,39.33
2000-07-13,124.37,124.37,114.00,114.38,1376400,38.12
2000-07-12,132.69,133.44,122.38,125.00,696300,41.67
2000-07-11,128.25,134.62,128.25,131.06,1452900,43.69
2000-07-10,130.00,131.50,126.75,129.50,733800,43.17
2000-07-07,133.12,133.12,127.25,130.12,683400,43.38
2000-07-06,131.81,133.25,124.88,133.12,1610400,44.38
2000-07-05,119.75,131.75,115.50,130.25,1716600,43.42
2000-07-03,117.19,120.69,116.00,119.00,224700,39.67
2000-06-30,124.00,124.00,109.88,117.31,3067800,39.10
2000-06-29,124.94,128.62,119.50,124.06,1266900,41.35
2000-06-28,115.31,126.62,113.38,126.62,1289400,42.21
2000-06-27,115.50,117.50,114.00,115.31,1083300,38.44
2000-06-26,113.81,118.06,107.75,117.94,1719600,39.31
2000-06-23,111.00,114.88,108.00,113.50,1119000,37.83
2000-06-22,122.87,122.87,108.50,108.50,1443000,36.17
2000-06-21,115.37,126.69,114.88,122.62,1536900,40.88
2000-06-20,119.62,120.50,114.00,116.94,1873500,38.98
2000-06-19,106.88,120.38,104.00,120.25,2529000,40.08
2000-06-16,97.25,105.00,96.69,104.56,1655100,34.85
2000-06-15,98.62,100.63,95.62,97.88,4374000,32.62
2000-06-14,103.00,103.06,94.75,97.56,1214400,32.52
2000-06-13,93.50,106.19,92.87,103.44,1222200,34.48
2000-06-12,99.94,99.94,93.38,94.94,500700,31.65
2000-06-08,95.38,95.44,92.25,93.38,323100,31.12
2000-06-07,96.44,96.50,90.13,95.12,926100,31.71
2000-06-06,93.00,97.00,90.69,96.19,1850100,32.06
2000-06-05,84.38,94.19,83.87,88.75,1205400,29.58
2000-06-01,66.00,77.19,65.69,75.13,1364700,25.04
2000-05-31,65.12,65.69,61.37,63.81,902400,21.27
2000-05-30,63.53,65.62,61.06,65.38,861300,21.79
2000-05-26,61.19,64.19,57.00,63.13,368100,21.04
2000-05-25,65.12,67.81,60.00,60.00,950100,20.00
2000-05-24,62.50,64.00,57.62,63.94,835500,21.31
2000-05-23,62.25,67.00,61.88,63.13,1363200,21.04
2000-05-22,69.62,69.81,61.25,61.94,1108200,20.65
2000-05-19,71.25,71.87,68.00,69.88,822300,23.29
2000-05-18,72.00,74.75,70.75,71.75,900000,23.92
2000-05-17,72.50,73.75,70.75,71.62,821100,23.88
2000-05-16,76.50,77.56,72.94,74.94,678300,24.98
2000-05-15,78.53,78.56,73.00,75.13,553200,25.04
2000-05-12,76.94,80.00,75.00,78.50,719700,26.17
2000-05-11,75.19,78.00,73.12,73.63,430200,24.54
2000-05-10,72.00,74.50,69.00,72.31,409800,24.10
2000-05-09,74.81,74.81,70.50,73.06,755700,24.35
2000-05-08,75.38,75.38,70.12,74.69,686400,24.90
2000-05-05,71.87,79.25,71.75,75.19,977700,25.06
2000-05-04,65.50,73.00,65.25,71.62,790200,23.88
2000-05-03,67.00,67.00,61.12,64.94,714000,21.65
2000-05-02,72.00,72.00,66.75,66.94,1222500,22.31
2000-05-01,65.56,74.25,64.25,72.13,2018100,24.04
2000-04-28,60.62,66.50,57.50,64.00,1839900,21.33
2000-04-27,59.50,59.62,56.38,58.00,1121700,19.33
2000-04-26,60.97,61.63,58.12,60.19,982200,20.06
2000-04-25,59.69,61.50,58.12,59.75,1868700,19.92
2000-04-24,62.19,62.19,55.63,57.38,1570200,19.12
2000-04-20,69.44,69.75,59.50,63.13,5086200,21.04
2000-04-19,74.38,84.50,73.00,77.38,1447200,25.79
2000-04-18,66.75,73.00,63.19,72.25,1334100,24.08
2000-04-17,67.12,70.50,59.50,64.69,1782900,21.56
2000-04-14,76.47,77.00,68.00,72.00,1647000,24.00
2000-04-13,80.31,80.75,74.50,77.50,994200,25.83
2000-04-12,77.38,84.00,69.25,80.44,5011800,26.81
2000-04-11,94.50,94.63,85.12,88.44,1286100,29.48
2000-04-10,102.25,102.25,95.31,96.88,573000,32.29
2000-04-07,109.00,109.00,97.25,101.31,1158000,33.77
2000-04-06,115.00,119.00,101.50,107.06,1145700,35.69
2000-04-05,94.63,115.75,94.00,110.00,1765200,36.67
2000-04-04,93.50,99.62,84.00,96.50,1380900,32.17
2000-04-03,99.38,100.00,91.00,94.12,1039500,31.38
2000-03-31,90.00,103.22,88.88,98.25,1369500,32.75
2000-03-30,97.12,102.75,81.75,86.75,2242800,28.92
2000-03-29,115.61,115.69,96.50,96.62,2728800,32.21
2000-03-28,116.75,120.50,112.37,113.50,684900,37.83
2000-03-27,118.50,122.50,113.81,117.44,936900,39.15
2000-03-24,127.50,129.31,115.00,119.00,948000,39.67
2000-03-23,133.50,135.25,123.88,126.13,1057500,42.04
2000-03-22,118.50,136.31,115.37,131.25,1626600,43.75
2000-03-21,105.00,117.00,89.56,115.59,3397800,38.53
2000-03-20,119.38,124.00,105.50,106.50,1200900,35.50
2000-03-17,117.00,124.12,116.50,118.94,1024800,39.65
2000-03-16,110.75,124.00,110.50,119.87,2823300,39.96
2000-03-15,106.50,110.62,99.00,108.56,3242400,36.19
2000-03-14,119.81,119.94,95.00,105.00,3561900,35.00
2000-03-13,126.00,128.81,115.25,115.75,1439100,38.58
2000-03-10,144.88,147.50,127.00,129.31,1119900,43.10
2000-03-09,157.94,158.00,141.50,142.88,534600,47.62
2000-03-08,159.75,160.12,147.00,152.62,582000,50.88
2000-03-07,170.25,170.50,152.25,158.56,1154100,52.85
2000-03-06,148.00,173.00,147.50,171.31,1382100,57.10
2000-03-03,141.94,150.00,139.00,150.00,888900,50.00
2000-03-02,149.87,149.87,136.75,139.06,609000,46.35
2000-03-01,140.50,150.00,136.00,146.81,645000,48.94
2000-02-29,133.81,144.00,133.25,140.87,858300,46.96
2000-02-28,140.00,143.00,130.25,133.50,1371300,44.50
2000-02-25,142.25,142.50,135.75,137.44,642600,45.81
2000-02-24,139.19,141.00,132.81,138.75,803700,46.25
2000-02-22,131.50,132.25,122.31,124.88,864300,41.62
2000-02-18,134.75,149.00,123.00,131.87,1751400,43.96
2000-02-17,122.87,133.00,122.75,131.62,1700700,43.88
2000-02-16,116.00,125.25,113.00,121.88,1430400,40.62
2000-02-15,118.94,119.25,113.50,116.38,480300,38.79
2000-02-14,119.00,123.00,116.75,118.81,465900,39.60
2000-02-11,117.31,123.00,114.75,118.81,723300,39.60
2000-02-10,123.38,123.81,116.00,117.19,754200,39.06
2000-02-09,129.50,129.62,118.50,123.00,1088700,41.00
2000-02-08,117.19,130.50,115.50,129.88,1692300,43.29
2000-02-07,113.50,115.81,110.00,114.81,1227900,38.27
2000-02-04,105.81,114.25,102.75,109.50,1073400,36.50
2000-02-03,108.00,111.50,102.50,103.12,2825100,34.38
2000-02-02,114.00,117.75,104.94,106.00,5432400,35.33
2000-02-01,126.62,133.25,122.53,132.94,500400,44.31
2000-01-31,127.88,128.00,119.00,126.19,725700,42.06
2000-01-28,129.50,132.56,122.19,128.25,633300,42.75
2000-01-27,144.13,145.00,130.25,130.25,550200,43.42
2000-01-26,134.75,149.00,134.00,143.38,1216800,47.79
2000-01-25,140.50,141.25,124.63,135.88,1392600,45.29
2000-01-24,144.00,151.63,131.00,137.31,1605000,45.77
2000-01-21,125.50,149.00,119.00,147.75,3075600,49.25
2000-01-20,116.00,124.50,98.00,122.69,5183400,40.90
2000-01-19,107.06,122.12,106.00,121.00,894900,40.33
2000-01-18,114.13,120.00,105.00,107.06,1119900,35.69
2000-01-14,118.37,120.00,107.50,115.50,959400,38.50
2000-01-13,106.12,117.75,104.50,116.12,1059600,38.71
2000-01-12,110.38,110.44,97.50,105.62,1418700,35.21
2000-01-11,115.88,118.50,108.00,110.12,1128300,36.71
2000-01-10,115.00,120.88,113.00,119.50,1921800,39.83
2000-01-07,97.00,108.50,97.00,108.31,1578900,36.10
2000-01-06,90.50,98.50,89.00,97.12,914100,32.38
2000-01-05,86.12,94.50,75.00,93.00,1130100,31.00
2000-01-04,89.62,92.75,85.75,86.94,978600,28.98
2000-01-03,98.38,98.50,85.94,93.25,930900,31.08
1999-12-31,93.94,99.00,91.25,98.25,408000,32.75
1999-12-30,96.13,96.44,92.00,93.97,708300,31.32
1999-12-29,96.88,97.50,93.50,95.75,608700,31.92
1999-12-28,98.75,100.50,94.75,97.50,546300,32.50
1999-12-27,96.62,99.38,90.50,97.88,1045800,32.62
1999-12-23,87.50,105.00,87.50,95.31,2839500,31.77
1999-12-22,73.50,88.06,73.37,86.06,1911600,28.69
1999-12-21,62.00,74.44,61.75,72.19,1536600,24.06
1999-12-20,120.75,127.38,120.19,126.50,955200,21.08
1999-12-17,123.94,124.69,119.00,122.00,1227000,20.33
1999-12-16,122.88,129.00,118.00,118.50,628200,19.75
1999-12-15,118.00,125.50,117.75,122.50,1092600,20.42
1999-12-14,127.50,127.50,117.63,118.19,1152000,19.70
1999-12-13,119.50,127.00,116.75,126.87,803400,21.15
1999-12-10,117.69,126.87,114.00,118.88,2059200,19.81
1999-12-09,119.13,125.00,112.50,113.50,1651200,18.92
1999-12-08,113.25,119.25,110.00,118.75,2274000,19.79
1999-12-07,116.50,119.00,110.00,113.50,2257200,18.92
1999-12-06,125.75,126.00,112.50,113.50,2755800,18.92
1999-12-03,120.25,128.25,115.00,126.81,3325800,21.14
1999-12-02,125.25,128.50,122.00,125.19,752400,20.86
1999-12-01,127.00,127.62,123.00,123.87,1625400,20.65
1999-11-30,131.13,132.00,126.50,126.75,818400,21.12
1999-11-29,139.69,140.00,131.62,133.81,460800,22.30
1999-11-26,136.25,140.00,135.00,139.00,234600,23.17
1999-11-24,133.00,137.00,131.00,135.38,364200,22.56
1999-11-23,136.38,139.75,126.50,132.31,1101600,22.05
1999-11-22,126.75,134.50,124.88,134.50,1290600,22.42
1999-11-19,126.00,128.25,124.50,125.00,833400,20.83
1999-11-18,128.09,134.00,118.69,125.00,3075600,20.83
1999-11-17,122.50,129.50,121.00,127.88,1731000,21.31
1999-11-16,116.00,123.87,115.00,123.06,763200,20.51
1999-11-15,118.50,118.75,113.25,115.38,802800,19.23
1999-11-12,121.16,121.50,116.50,118.62,633000,19.77
1999-11-11,126.94,127.00,115.50,121.44,873000,20.24
1999-11-10,128.37,131.06,123.75,124.00,680400,20.67
1999-11-09,131.00,132.25,127.25,129.75,424800,21.62
1999-11-08,125.06,131.88,125.06,130.00,862800,21.67
1999-11-05,127.00,134.13,126.00,126.63,1491600,21.10
1999-11-04,121.00,127.62,120.75,125.62,1540200,20.94
1999-11-03,118.50,120.69,117.38,119.37,1684200,19.90
1999-11-02,123.44,123.44,116.00,116.06,1128000,19.34
1999-11-01,115.81,121.50,114.00,121.50,776400,20.25
1999-10-29,109.25,118.50,106.50,116.19,1356600,19.36
1999-10-28,109.81,116.62,109.75,113.31,1448400,18.89
1999-10-27,111.63,114.44,106.75,109.75,553800,18.29
1999-10-26,115.78,117.25,110.50,110.75,607200,18.46
1999-10-25,109.00,119.00,108.44,113.31,717000,18.89
1999-10-22,114.50,125.37,108.00,110.13,2007600,18.35
1999-10-21,102.87,120.25,98.00,115.50,2990400,19.25
1999-10-20,98.13,104.31,96.31,104.25,1615200,17.38
1999-10-19,91.00,101.62,90.75,97.94,2039400,16.32
1999-10-18,92.00,92.75,85.50,88.94,2077200,14.82
1999-10-15,97.75,98.00,92.50,93.06,1445400,15.51
1999-10-14,104.00,104.00,99.00,99.78,1076400,16.63
1999-10-13,106.50,107.88,102.94,102.94,846600,17.16
1999-10-12,107.50,110.56,107.44,108.25,638400,18.04
1999-10-11,106.00,113.00,105.00,109.00,1785000,18.17
1999-10-08,102.50,105.38,99.25,104.50,2007000,17.42
1999-10-07,107.37,110.00,104.00,105.63,1188600,17.60
1999-10-06,98.06,108.00,96.25,107.00,997800,17.83
1999-10-05,91.25,100.50,91.25,97.94,1602000,16.32
1999-10-04,90.50,96.06,90.00,94.56,702600,15.76
1999-10-01,94.09,97.00,93.75,94.25,434400,15.71
1999-09-30,100.62,100.88,93.75,94.03,1783800,15.67
1999-09-29,94.50,100.00,94.25,98.19,1192800,16.36
1999-09-28,94.50,101.00,91.75,94.44,1272600,15.74
1999-09-27,93.50,97.75,92.50,94.88,2098800,15.81
1999-09-24,98.00,98.94,88.88,93.69,1671000,15.61
1999-09-23,109.38,109.62,95.13,97.56,4066800,16.26
1999-09-22,105.00,108.25,102.44,108.25,688200,18.04
1999-09-21,103.81,112.31,102.25,104.13,1208400,17.35
1999-09-20,107.00,108.31,103.75,106.81,1059600,17.80
1999-09-17,106.25,109.50,104.37,107.56,1419000,17.93
1999-09-16,110.75,111.50,101.00,105.31,2794800,17.55
1999-09-15,111.75,115.31,106.38,109.25,2373000,18.21
1999-09-14,117.25,118.00,108.56,110.06,2636400,18.34
1999-09-13,109.50,121.50,108.75,119.62,5331600,19.94
1999-09-10,118.06,118.06,104.88,105.44,8024400,17.57
1999-09-09,136.50,139.44,106.00,123.78,10284600,20.63
1999-09-08,134.62,145.50,133.50,136.69,796200,22.78
1999-09-07,134.00,135.87,132.25,135.12,508200,22.52
1999-09-03,129.00,133.50,128.62,132.50,424200,22.08
1999-09-02,126.50,129.00,124.00,126.50,528600,21.08
1999-09-01,126.94,129.50,126.75,129.50,352200,21.58
1999-08-31,127.75,129.69,120.00,127.06,690600,21.18
1999-08-30,132.00,133.25,123.50,127.75,966600,21.29
1999-08-27,130.34,134.88,128.00,130.25,535200,21.71
1999-08-26,129.94,131.75,128.50,129.75,570000,21.62
1999-08-25,131.00,133.12,129.00,132.00,1716000,22.00
1999-08-24,136.47,141.25,134.37,135.56,2265600,22.59
1999-08-23,126.00,137.37,124.50,137.13,1246200,22.85
1999-08-20,123.75,126.12,122.25,126.00,704400,21.00
1999-08-19,119.94,125.00,119.00,123.25,634200,20.54
1999-08-18,117.44,120.75,114.75,119.94,777600,19.99
1999-08-17,123.63,123.69,116.62,117.00,750000,19.50
1999-08-16,125.25,126.31,121.88,123.50,744000,20.58
1999-08-13,119.00,125.00,117.75,124.75,1235400,20.79
1999-08-12,119.94,122.62,115.62,117.44,1255800,19.57
1999-08-11,118.75,120.63,116.00,120.38,1619400,20.06
1999-08-10,113.00,118.94,110.37,116.62,2817000,19.44
1999-08-09,106.00,113.25,104.94,111.87,2251200,18.65
1999-08-06,100.50,104.00,99.75,103.25,334800,17.21
1999-08-05,99.25,105.25,97.00,101.50,554400,16.92
1999-08-04,100.12,100.75,97.00,99.50,678600,16.58
1999-08-03,101.00,103.00,98.37,99.81,712200,16.64
1999-08-02,100.12,102.38,97.62,100.00,785400,16.67
1999-07-30,99.63,103.19,98.75,99.12,638400,16.52
1999-07-29,98.25,101.62,97.50,99.44,748800,16.57
1999-07-28,97.38,101.37,94.50,99.94,1340400,16.66
1999-07-27,91.00,98.00,90.87,98.00,878400,16.33
1999-07-26,88.38,93.50,86.50,90.50,1215600,15.08
1999-07-23,86.00,90.50,85.25,88.25,1219800,14.71
1999-07-22,81.19,84.87,79.75,83.50,862800,13.92
1999-07-21,77.50,83.50,74.00,83.37,2085000,13.90
1999-07-20,83.00,84.44,80.75,82.38,1144800,13.73
1999-07-19,96.19,96.38,84.06,85.94,1314600,14.32
1999-07-16,92.50,96.19,91.38,96.19,866400,16.03
1999-07-15,87.50,93.25,87.00,92.94,648000,15.49
1999-07-14,84.81,91.00,84.00,87.31,1102200,14.55
1999-07-13,82.44,84.00,79.25,83.50,775800,13.92
1999-07-12,86.37,86.81,82.50,82.50,1522200,13.75
1999-07-09,83.13,86.00,82.00,84.12,657600,14.02
1999-07-08,82.88,83.25,81.12,82.50,745200,13.75
1999-07-07,83.00,85.75,82.50,83.19,1282200,13.86
1999-07-06,79.00,86.37,78.63,82.69,1932600,13.78
1999-07-02,76.19,79.50,76.12,78.12,382200,13.02
1999-07-01,76.62,77.00,75.38,76.50,508200,12.75
1999-06-30,75.50,79.25,73.38,77.06,1594200,12.84
1999-06-29,71.25,75.87,70.75,75.50,1246800,12.58
1999-06-28,67.38,70.00,67.06,69.94,492600,11.66
1999-06-25,67.00,69.06,62.13,67.06,787200,11.18
1999-06-24,66.00,67.00,66.00,66.63,480600,11.10
1999-06-23,68.50,68.50,66.50,66.56,502800,11.09
1999-06-22,68.88,70.75,68.00,68.50,670800,11.42
1999-06-21,67.12,69.12,66.25,68.94,714000,11.49
1999-06-18,65.50,68.25,63.87,67.12,594000,11.19
1999-06-17,62.88,65.37,62.50,65.13,754200,10.85
1999-06-16,59.00,64.25,57.87,63.56,1457400,10.59
1999-06-15,58.44,60.12,58.00,58.50,357000,9.75
1999-06-14,58.44,58.75,57.87,57.87,250800,9.65
1999-06-11,56.75,59.50,56.75,58.12,638400,9.69
1999-06-10,58.38,58.38,55.50,56.25,451200,9.38
1999-06-09,59.50,59.75,58.38,58.56,424800,9.76
1999-06-08,59.19,60.75,58.12,59.00,859800,9.83
1999-06-07,55.50,59.31,55.25,59.19,801000,9.86
1999-06-04,55.50,55.50,54.50,55.25,578400,9.21
1999-06-03,54.69,57.25,54.69,55.12,420600,9.19
1999-06-02,57.87,57.94,53.75,54.19,1167000,9.03
1999-06-01,50.44,60.12,50.37,58.00,2079000,9.67
1999-05-28,50.00,51.25,50.00,50.44,1314600,8.41
1999-05-27,50.00,51.25,49.75,50.50,665400,8.42
1999-05-26,51.87,52.12,50.13,50.94,517800,8.49
1999-05-25,52.00,52.69,51.25,51.50,314400,8.58
1999-05-24,54.75,55.00,52.00,52.12,468000,8.69
1999-05-21,55.50,56.37,54.87,55.00,346200,9.17
1999-05-20,54.50,56.94,53.75,55.00,585000,9.17
1999-05-19,54.38,55.75,53.00,54.31,367800,9.05
1999-05-18,56.75,56.75,54.25,54.25,666000,9.04
1999-05-17,59.00,59.25,55.12,56.75,503400,9.46
1999-05-14,58.12,59.62,56.25,59.50,897600,9.92
1999-05-13,57.75,60.63,57.50,60.19,963600,10.03
1999-05-12,57.12,59.00,56.62,57.50,258000,9.58
1999-05-11,57.25,57.44,55.50,57.00,447000,9.50
1999-05-10,59.00,60.00,56.62,57.12,543000,9.52
1999-05-07,56.75,59.00,55.50,59.00,520800,9.83
1999-05-06,56.62,58.38,56.00,56.62,460200,9.44
1999-05-05,55.75,56.75,53.75,56.62,717600,9.44
1999-05-04,55.50,57.00,55.00,56.19,1038000,9.36
1999-05-03,50.50,56.00,50.50,55.00,951600,9.17
1999-04-30,52.31,53.00,49.00,50.75,534000,8.46
1999-04-29,52.00,52.75,51.50,52.12,540600,8.69
1999-04-28,54.63,56.37,51.50,52.38,444000,8.73
1999-04-27,52.50,56.88,52.00,55.25,359400,9.21
1999-04-26,52.75,53.00,51.75,52.50,461400,8.75
1999-04-23,53.75,53.75,50.13,52.75,458400,8.79
1999-04-22,57.00,57.00,51.00,52.94,547200,8.82
1999-04-21,54.12,59.00,53.13,57.06,1269600,9.51
1999-04-20,44.00,55.12,43.75,54.50,2391600,9.08
1999-04-19,49.12,49.50,42.50,42.75,1021200,7.12
1999-04-16,49.56,50.13,48.25,49.12,1026000,8.19
1999-04-15,53.13,53.62,49.50,49.88,616800,8.31
1999-04-14,56.13,56.75,52.00,52.50,538200,8.75
1999-04-13,57.38,57.87,56.50,56.62,556200,9.44
1999-04-12,56.25,59.13,55.69,57.50,1990800,9.58
1999-04-09,53.75,57.87,53.00,57.50,1093800,9.58
1999-04-08,53.13,54.87,52.12,53.88,629400,8.98
1999-04-07,55.62,56.13,52.50,52.81,864600,8.80
1999-04-06,54.25,56.13,53.31,55.38,533400,9.23
1999-04-05,52.50,55.38,52.38,55.12,1453200,9.19
1999-04-01,51.63,52.75,50.75,52.62,559800,8.77
1999-03-31,50.25,51.50,46.50,51.38,878400,8.56
1999-03-30,50.25,51.25,50.00,50.56,382800,8.43
1999-03-29,52.00,53.00,50.00,51.38,574200,8.56
1999-03-26,51.44,52.88,50.25,52.00,397800,8.67
1999-03-25,49.00,52.00,48.00,51.75,788400,8.62
1999-03-24,48.25,49.00,47.88,49.00,498600,8.17
1999-03-23,47.13,48.38,46.50,48.12,297000,8.02
1999-03-22,46.38,48.12,46.38,47.88,265200,7.98
1999-03-19,48.94,48.94,46.00,47.00,1122600,7.83
1999-03-18,49.50,50.00,47.94,49.00,1306200,8.17
1999-03-17,49.88,50.88,49.25,50.00,961800,8.33
1999-03-16,50.62,51.12,49.00,49.88,1194600,8.31
1999-03-15,52.12,52.56,49.12,49.50,618000,8.25
1999-03-12,55.12,55.12,51.63,52.19,1015200,8.70
1999-03-11,54.87,55.12,54.06,55.00,808800,9.17
1999-03-10,54.50,55.00,52.62,54.87,1702200,9.15
1999-03-09,52.75,54.81,52.62,54.50,1093200,9.08
1999-03-08,50.69,54.25,50.00,52.50,1912800,8.75
1999-03-05,50.69,51.50,50.25,51.50,796800,8.58
1999-03-04,48.25,50.50,48.12,50.13,1294800,8.35
1999-03-03,46.94,49.38,46.75,48.25,2398800,8.04
1999-03-02,44.00,46.12,43.50,46.00,640200,7.67
1999-03-01,43.12,44.50,42.00,44.37,338400,7.40
1999-02-26,44.62,45.12,43.19,43.31,622800,7.22
1999-02-25,45.38,45.38,43.75,45.12,450000,7.52
1999-02-24,46.12,46.12,45.00,45.25,272400,7.54
1999-02-23,46.38,46.38,44.13,45.94,407400,7.66
1999-02-22,45.25,47.00,44.50,45.87,904200,7.65
1999-02-19,43.12,46.38,42.25,45.25,1318800,7.54
1999-02-18,42.00,43.25,41.37,42.97,721800,7.16
1999-02-17,41.37,42.25,40.25,41.25,1025400,6.88
1999-02-16,41.50,42.87,40.88,41.75,523200,6.96
1999-02-12,43.00,43.00,39.63,41.13,482400,6.85
1999-02-11,41.88,43.00,41.37,43.00,772800,7.17
1999-02-10,43.00,43.00,40.50,41.94,2385600,6.99
1999-02-09,44.13,44.88,42.75,43.25,1416600,7.21
1999-02-08,42.75,45.12,42.00,44.13,1104600,7.35
1999-02-05,45.00,45.25,41.88,42.69,573000,7.11
1999-02-04,47.00,48.00,44.31,45.12,850200,7.52
1999-02-03,49.00,49.50,44.88,47.00,1072200,7.83
1999-02-02,50.13,50.75,48.87,49.88,405000,8.31
1999-02-01,50.56,51.00,49.62,51.00,691800,8.50
1999-01-29,47.37,50.50,47.37,50.50,824400,8.42
1999-01-28,46.00,47.00,45.87,47.00,640200,7.83
1999-01-27,47.75,48.63,45.25,45.63,795600,7.60
1999-01-26,46.00,47.75,46.00,47.62,909600,7.94
1999-01-25,47.75,48.12,46.00,46.62,825600,7.77
1999-01-22,46.94,49.62,46.94,48.12,1436400,8.02
1999-01-21,49.38,49.38,45.38,47.31,2298000,7.89
1999-01-20,49.12,49.12,47.25,47.75,765000,7.96
1999-01-19,51.63,52.00,47.37,48.50,1725000,8.08
1999-01-15,48.38,51.44,48.38,51.00,1549200,8.50
1999-01-14,46.00,50.25,46.00,48.25,1380000,8.04
1999-01-13,44.81,47.19,43.75,46.31,706800,7.72
1999-01-12,44.13,47.00,44.13,45.00,1426200,7.50
1999-01-11,43.12,43.50,42.50,43.12,316200,7.19
1999-01-08,42.50,45.12,42.38,43.62,751200,7.27
1999-01-07,42.00,44.75,40.62,42.75,1113000,7.12
1999-01-06,44.37,44.88,41.50,42.00,1086000,7.00
1999-01-05,46.62,46.88,44.00,44.25,768000,7.38
1999-01-04,47.06,48.00,44.88,46.75,856800,7.79
1998-12-31,46.25,47.13,45.38,47.00,481200,7.83
1998-12-30,45.00,47.00,45.00,45.87,360600,7.65
1998-12-29,43.25,45.63,43.00,45.50,377400,7.58
1998-12-28,44.00,44.13,43.19,44.00,599400,7.33
1998-12-24,44.06,44.06,42.00,43.62,328800,7.27
1998-12-23,45.75,46.38,42.12,44.13,2863200,7.35
1998-12-22,46.00,47.13,46.00,46.81,552000,7.80
1998-12-21,47.75,48.19,45.75,46.31,1569600,7.72
1998-12-18,45.50,48.12,44.50,48.12,1632000,8.02
1998-12-17,45.12,46.38,45.00,45.12,1737000,7.52
1998-12-16,41.75,45.75,41.62,45.00,1908000,7.50
1998-12-15,41.13,43.00,41.13,42.19,1582200,7.03
1998-12-14,40.75,42.69,40.50,41.37,1866000,6.90
1998-12-11,38.13,43.56,38.13,43.56,4029600,7.26
1998-12-10,36.63,39.00,36.38,38.62,1534200,6.44
1998-12-09,36.25,36.63,35.50,36.50,1201200,6.08
1998-12-08,33.75,36.50,33.38,36.12,1696800,6.02
1998-12-07,33.12,33.87,32.00,33.63,1051800,5.60
1998-12-04,33.25,33.50,32.75,33.12,1123800,5.52
1998-12-03,31.25,34.12,31.25,33.25,2304000,5.54
1998-12-02,30.25,32.00,29.50,31.50,2961600,5.25
1998-12-01,31.62,32.81,29.06,30.87,3870000,5.15
1998-11-30,34.88,35.00,31.88,33.63,968400,5.60
1998-11-27,33.50,35.00,33.12,33.25,315600,5.54
1998-11-25,33.00,33.87,32.75,33.38,463200,5.56
1998-11-24,32.62,32.88,32.13,32.75,385200,5.46
1998-11-23,32.81,33.25,32.13,32.50,628800,5.42
1998-11-20,31.50,32.81,30.38,32.37,559200,5.40
1998-11-19,30.00,31.00,29.25,30.75,314400,5.12
1998-11-18,30.06,30.06,29.25,29.94,443400,4.99
1998-11-17,29.25,30.25,27.38,29.50,463200,4.92
1998-11-16,31.75,31.75,28.62,29.75,538800,4.96
1998-11-13,31.50,32.13,31.00,31.50,259800,5.25
1998-11-12,31.50,31.75,30.75,31.75,197400,5.29
1998-11-11,30.75,31.50,30.38,31.44,200400,5.24
1998-11-10,30.63,31.88,29.88,30.50,452400,5.08
1998-11-09,32.88,33.00,30.50,30.50,775200,5.08
1998-11-06,31.50,33.31,31.25,33.00,755400,5.50
1998-11-05,30.75,32.50,30.63,32.00,500400,5.33
1998-11-04,30.75,31.50,29.50,31.00,573000,5.17
1998-11-03,31.00,31.00,29.62,30.19,317400,5.03
1998-11-02,29.88,31.62,29.88,30.87,843000,5.15
1998-10-30,29.75,31.25,29.69,29.88,1645200,4.98
1998-10-29,26.37,30.00,26.37,29.88,1218600,4.98
1998-10-28,27.12,27.12,26.50,26.88,427800,4.48
1998-10-27,29.75,29.88,26.88,27.12,445200,4.52
1998-10-26,27.75,29.50,27.38,29.44,651000,4.91
1998-10-23,27.75,27.87,27.00,27.56,247800,4.59
1998-10-22,27.00,27.63,26.50,27.63,444600,4.60
1998-10-21,25.38,27.50,25.25,26.75,933600,4.46
1998-10-20,26.81,29.37,25.00,26.25,3873600,4.38
1998-10-19,24.63,26.75,23.88,26.75,1010400,4.46
1998-10-16,24.44,25.75,24.00,24.69,719400,4.11
1998-10-15,23.00,24.25,22.88,24.00,835800,4.00
1998-10-14,23.00,24.25,21.12,22.69,1652400,3.78
1998-10-13,22.38,23.50,22.00,22.00,368400,3.67
1998-10-12,20.50,23.88,20.50,22.56,777000,3.76
1998-10-09,19.38,20.50,19.00,20.25,992400,3.38
1998-10-08,21.00,21.06,18.25,19.25,1313400,3.21
1998-10-07,21.63,22.62,20.62,21.12,456600,3.52
1998-10-06,23.37,23.62,21.69,21.75,388800,3.62
1998-10-05,23.75,24.50,22.75,23.00,733200,3.83
1998-10-02,23.00,24.00,21.75,24.00,597000,4.00
1998-10-01,22.75,23.44,22.50,22.94,293400,3.82
1998-09-30,23.00,23.75,22.00,23.75,485400,3.96
1998-09-29,24.50,24.63,22.38,23.25,1053600,3.88
1998-09-28,27.63,27.63,24.00,24.63,1030200,4.10
1998-09-25,27.12,28.31,26.88,27.75,766800,4.62
1998-09-24,28.12,28.88,27.44,27.69,687600,4.61
1998-09-23,28.00,29.88,27.00,27.87,1290600,4.65
1998-09-22,24.81,28.00,24.81,27.87,1479000,4.65
1998-09-21,24.63,25.00,23.62,24.75,305400,4.12
1998-09-18,25.12,25.38,24.38,25.12,163200,4.19
1998-09-17,25.00,25.38,24.63,24.75,292800,4.12
1998-09-16,25.56,25.88,25.00,25.75,368400,4.29
1998-09-15,24.00,26.00,23.75,25.50,659400,4.25
1998-09-14,24.69,25.62,24.12,24.12,745800,4.02
1998-09-11,23.13,24.75,22.88,24.50,1079400,4.08
1998-09-10,22.25,23.13,21.38,22.88,573600,3.81
1998-09-09,24.25,24.63,23.62,23.62,429600,3.94
1998-09-08,22.62,24.31,22.38,24.00,709800,4.00
1998-09-04,21.87,22.12,20.75,21.63,575400,3.60
1998-09-03,20.00,21.75,19.25,21.75,1393200,3.62
1998-09-02,19.25,20.88,18.63,20.06,2323200,3.34
1998-09-01,18.00,18.50,17.25,17.50,1118400,2.92
1998-08-31,21.12,21.25,17.75,18.00,1319400,3.00
1998-08-28,21.38,21.87,21.00,21.19,546600,3.53
1998-08-27,20.88,21.87,20.62,21.50,963000,3.58
1998-08-26,22.50,22.50,21.00,21.38,658800,3.56
1998-08-25,23.13,24.25,22.50,22.62,630000,3.77
1998-08-24,23.00,23.25,22.38,23.00,181800,3.83
1998-08-21,22.75,23.13,22.38,23.13,765600,3.85
1998-08-20,24.00,24.00,22.38,23.62,296400,3.94
1998-08-19,25.12,25.25,23.50,23.50,844800,3.92
1998-08-18,23.13,25.25,23.13,24.75,842400,4.12
1998-08-17,23.62,23.62,22.50,23.00,466800,3.83
1998-08-14,22.94,24.38,22.88,23.25,420600,3.88
1998-08-13,23.75,24.25,22.50,22.88,1102800,3.81
1998-08-12,24.25,24.25,23.13,23.50,472800,3.92
1998-08-11,25.12,25.12,23.37,23.62,614400,3.94
1998-08-10,25.62,26.00,25.00,25.75,350400,4.29
1998-08-07,24.38,26.25,23.88,25.81,1168200,4.30
1998-08-06,23.75,24.25,23.13,24.12,285000,4.02
1998-08-05,23.25,24.38,23.13,23.44,1721400,3.91
1998-08-04,23.50,24.63,22.25,23.31,1792200,3.89
1998-08-03,23.88,23.88,21.75,22.31,1071600,3.72
1998-07-31,24.12,24.75,23.25,23.69,427800,3.95
1998-07-30,24.00,24.38,23.62,24.25,228600,4.04
1998-07-29,23.50,24.25,23.00,23.75,970200,3.96
1998-07-28,23.50,23.56,22.62,23.44,922200,3.91
1998-07-27,24.50,24.63,22.56,23.50,797400,3.92
1998-07-24,25.50,25.50,24.00,24.63,576000,4.10
1998-07-23,26.50,26.75,25.19,25.31,575400,4.22
1998-07-22,26.62,26.75,25.75,26.19,606000,4.36
1998-07-21,26.75,27.50,26.37,26.75,1034400,4.46
1998-07-20,27.38,28.00,25.12,26.13,999600,4.35
1998-07-17,25.69,27.38,25.25,27.25,1205400,4.54
1998-07-16,26.62,26.62,24.25,25.56,855600,4.26
1998-07-15,26.69,27.00,26.25,26.62,1425600,4.44
1998-07-14,23.50,28.25,23.50,26.62,5184000,4.44
1998-07-13,22.88,23.75,22.50,23.00,893400,3.83
1998-07-10,23.37,23.62,22.50,23.13,530400,3.85
1998-07-09,22.62,23.37,22.56,23.13,1284600,3.85
1998-07-08,22.50,22.75,21.87,22.56,1060800,3.76
1998-07-07,23.62,23.75,22.50,22.88,625200,3.81
1998-07-06,23.50,23.56,22.88,23.56,344400,3.93
1998-07-02,24.50,24.50,22.88,22.94,586200,3.82
1998-07-01,23.75,24.38,23.56,23.88,432000,3.98
1998-06-30,25.25,25.62,22.62,23.56,1336200,3.93
1998-06-29,25.38,26.25,24.75,25.50,503400,4.25
1998-06-26,26.25,26.62,25.19,25.75,385800,4.29
1998-06-25,26.81,27.63,26.13,26.56,813000,4.43
1998-06-24,25.50,26.75,25.12,26.75,424200,4.46
1998-06-23,25.62,25.88,25.12,25.25,591000,4.21
1998-06-22,25.88,25.88,24.50,25.12,668400,4.19
1998-06-19,26.25,26.37,25.44,25.62,579000,4.27
1998-06-18,27.38,27.38,25.62,26.25,1005000,4.38
1998-06-17,28.25,28.38,27.25,27.25,1065600,4.54
1998-06-16,27.81,28.38,27.25,28.38,538800,4.73
1998-06-15,28.00,28.94,27.25,27.50,288600,4.58
1998-06-12,28.50,28.88,27.63,28.12,501000,4.69
1998-06-11,28.50,28.88,27.87,28.12,1026600,4.69
1998-06-10,28.25,28.88,28.12,28.50,924600,4.75
1998-06-09,28.25,28.38,27.87,28.25,464400,4.71
1998-06-08,27.75,29.50,27.25,28.38,1801200,4.73
1998-06-05,31.25,31.25,27.00,27.25,2886000,4.54
1998-06-04,30.44,31.62,30.38,31.38,259800,5.23
1998-06-03,32.00,32.37,30.31,30.63,385800,5.10
1998-06-02,30.87,31.25,30.38,30.63,402000,5.10
1998-06-01,31.50,31.62,30.50,30.87,462600,5.15
1998-05-29,33.75,34.00,31.38,31.50,745800,5.25
1998-05-28,31.88,34.12,31.88,33.50,679800,5.58
1998-05-27,31.38,32.00,30.25,31.75,904800,5.29
1998-05-26,34.12,34.25,32.25,32.50,870000,5.42
1998-05-22,31.75,32.75,31.25,32.00,1052400,5.33
1998-05-21,33.38,33.87,30.00,31.50,3197400,5.25
1998-05-20,33.87,34.00,32.88,33.44,679800,5.57
1998-05-19,34.88,35.25,33.12,33.81,1205400,5.64
1998-05-18,36.38,37.88,34.38,34.75,1827600,5.79
1998-05-15,37.25,37.25,36.12,36.25,446400,6.04
1998-05-14,36.00,37.62,35.13,37.12,752400,6.19
1998-05-13,35.25,37.00,35.13,36.00,933600,6.00
1998-05-12,33.38,34.88,32.62,34.88,803400,5.81
1998-05-11,34.81,34.81,33.50,33.50,467400,5.58
1998-05-08,34.00,34.88,34.00,34.88,913200,5.81
1998-05-07,35.62,35.75,34.00,34.06,654000,5.68
1998-05-06,35.88,36.06,35.62,35.69,575400,5.95
1998-05-05,36.12,36.12,35.37,35.37,641400,5.90
1998-05-04,36.50,36.50,35.00,35.75,490200,5.96
1998-05-01,36.25,36.75,35.88,36.38,272400,6.06
1998-04-30,35.50,36.25,35.00,36.00,1039800,6.00
1998-04-29,34.00,34.75,33.50,34.75,1051200,5.79
1998-04-28,33.00,34.88,32.75,33.12,979200,5.52
1998-04-27,33.38,33.75,31.50,32.62,1076400,5.44
1998-04-24,35.00,35.13,33.38,33.87,915000,5.65
1998-04-23,36.25,36.50,34.62,35.00,862800,5.83
1998-04-22,36.25,36.50,35.00,35.88,997800,5.98
1998-04-21,37.50,37.50,35.81,36.12,1374600,6.02
1998-04-20,39.06,40.75,36.50,36.75,1942200,6.12
1998-04-17,39.38,39.87,38.37,39.50,752400,6.58
1998-04-16,36.87,39.50,36.00,39.12,1368600,6.52
1998-04-15,39.50,39.63,36.75,37.12,2333400,6.19
1998-04-14,42.00,42.63,38.62,38.88,2953200,6.48
1998-04-13,41.75,42.00,40.62,40.94,508800,6.82
1998-04-09,41.13,42.12,40.75,41.94,828600,6.99
1998-04-08,41.37,41.88,40.75,41.00,1023600,6.83
1998-04-07,42.12,43.00,41.25,41.75,246000,6.96
1998-04-06,43.06,43.06,42.12,42.25,345600,7.04
1998-04-03,45.00,45.50,42.63,43.00,598200,7.17
1998-04-02,44.75,45.25,44.75,45.12,476400,7.52
1998-04-01,44.44,45.00,43.94,44.62,448800,7.44
1998-03-31,43.56,44.62,42.75,44.25,676800,7.38
1998-03-30,43.38,43.62,42.25,43.00,633600,7.17
1998-03-27,44.44,44.88,43.50,43.69,258000,7.28
1998-03-26,44.62,45.00,44.00,44.44,144600,7.41
1998-03-25,45.38,45.38,44.00,44.62,204600,7.44
1998-03-24,44.88,46.00,44.25,45.12,662400,7.52
1998-03-23,45.63,46.75,44.94,45.38,903600,7.56
1998-03-20,44.88,45.63,44.88,45.50,238800,7.58
1998-03-19,44.88,45.75,44.88,45.50,228600,7.58
1998-03-18,45.12,45.50,45.00,45.50,213000,7.58
1998-03-17,44.75,45.75,44.00,45.19,564000,7.53
1998-03-16,46.12,46.12,44.25,44.50,345000,7.42
1998-03-13,45.87,46.00,44.31,45.25,559200,7.54
1998-03-12,45.12,45.75,43.75,45.44,798600,7.57
1998-03-11,44.25,45.38,43.56,44.88,777000,7.48
1998-03-10,42.12,44.13,42.12,44.00,475200,7.33
1998-03-09,44.13,45.00,41.50,42.00,810600,7.00
1998-03-06,42.00,43.25,42.00,43.25,670200,7.21
1998-03-05,40.62,41.75,40.38,41.25,1195800,6.88
1998-03-04,41.25,42.12,39.00,39.25,1383600,6.54
1998-03-03,43.12,43.25,40.25,41.13,2472600,6.85
1998-03-02,45.75,47.37,42.75,43.00,2348400,7.17
1998-02-27,44.75,46.62,44.62,45.38,992400,7.56
1998-02-26,43.25,44.00,42.75,44.00,318000,7.33
1998-02-25,42.00,43.50,41.75,43.50,436200,7.25
1998-02-24,43.00,43.62,40.50,41.81,2671200,6.97
1998-02-23,44.13,44.75,42.75,43.50,294000,7.25
1998-02-20,44.37,44.88,43.38,44.50,298800,7.42
1998-02-19,44.81,45.12,44.25,44.88,645000,7.48
1998-02-18,43.50,45.12,43.25,44.88,487200,7.48
1998-02-17,44.00,45.25,42.87,43.50,642600,7.25
1998-02-13,41.88,44.62,41.75,43.75,558600,7.29
1998-02-12,43.00,43.00,41.25,42.50,531000,7.08
1998-02-11,43.88,43.88,42.25,42.50,867000,7.08
1998-02-10,43.50,44.37,42.75,43.88,775800,7.31
1998-02-09,41.25,43.88,41.25,43.38,909600,7.23
1998-02-06,41.37,42.00,40.56,41.75,694800,6.96
1998-02-05,43.00,44.50,40.50,41.50,1024200,6.92
1998-02-04,42.87,43.38,41.75,42.50,397800,7.08
1998-02-03,43.00,43.62,42.00,42.50,307200,7.08
1998-02-02,42.25,44.50,42.25,43.12,1042800,7.19
1998-01-30,42.19,42.63,41.13,41.75,790200,6.96
1998-01-29,42.50,44.25,41.62,42.87,655200,7.15
1998-01-28,41.94,42.87,41.31,42.75,374400,7.12
1998-01-27,41.00,42.00,40.00,41.56,348000,6.93
1998-01-26,42.00,42.00,41.00,41.00,218400,6.83
1998-01-23,42.38,42.38,41.50,42.00,927600,7.00
1998-01-22,41.75,42.50,41.62,42.00,346800,7.00
1998-01-21,42.75,43.25,41.50,42.38,916200,7.06
1998-01-20,39.12,43.25,38.88,43.25,2174400,7.21
1998-01-16,40.00,40.00,37.38,38.75,323400,6.46
1998-01-15,39.00,40.25,38.75,39.25,921000,6.54
1998-01-14,36.56,39.00,36.50,39.00,1936200,6.50
1998-01-13,35.00,37.62,35.00,37.38,1150200,6.23
1998-01-12,35.50,36.00,34.50,35.00,555000,5.83
1998-01-09,35.50,36.00,34.75,35.94,507000,5.99
1998-01-08,35.13,35.88,34.50,35.25,706800,5.88
1998-01-07,35.00,36.00,34.00,34.25,986400,5.71
1998-01-06,33.50,35.25,33.50,35.00,547200,5.83
1998-01-05,34.12,34.38,32.75,34.00,250800,5.67
1998-01-02,34.38,34.50,33.00,33.87,442800,5.65
