Date,Open,High,Low,Close,Volume,Adj Close
2010-11-05,165.99,171.18,165.92,171.07,11977000,171.07
2010-11-04,163.62,166.40,162.69,166.39,8162600,166.39
2010-11-03,163.18,163.18,160.57,162.63,4462800,162.63
2010-11-02,162.06,163.00,161.80,162.82,3332400,162.82
2010-11-01,161.77,162.96,160.17,161.57,4514400,161.57
2010-10-29,162.15,163.60,160.95,161.13,4536600,161.13
2010-10-28,160.86,163.79,160.44,163.24,9908000,163.24
2010-10-27,157.19,160.59,157.00,160.15,6570900,160.15
2010-10-26,156.72,158.73,156.53,158.29,4068500,158.29
2010-10-25,159.36,159.45,156.27,157.39,5728300,157.39
2010-10-22,159.89,159.98,157.50,157.76,4051700,157.76
2010-10-21,159.58,161.50,158.10,159.30,6350900,159.30
2010-10-20,156.21,160.25,154.86,159.60,10608700,159.60
2010-10-19,155.14,159.70,154.11,156.72,14491200,156.72
2010-10-18,150.93,154.38,150.85,153.70,6972300,153.70
2010-10-15,152.69,152.69,150.66,150.69,6901500,150.69
2010-10-14,154.23,154.29,150.55,151.59,6870800,151.59
2010-10-13,156.30,156.69,154.39,154.73,5626200,154.73
2010-10-12,151.30,155.45,151.01,155.21,6365000,155.21
2010-10-11,152.67,153.09,151.27,152.20,4454400,152.20
2010-10-08,151.15,153.40,150.62,152.66,5211300,152.66
2010-10-07,152.11,152.36,150.03,151.11,4471500,151.11
2010-10-06,149.75,152.33,149.13,150.84,6330600,150.84
2010-10-05,147.56,150.28,146.07,149.57,8724700,149.57
2010-10-04,147.70,148.47,144.70,146.57,5866700,146.57
2010-10-01,145.20,148.50,144.82,147.70,7423300,147.70
2010-09-30,145.25,146.98,144.30,144.58,6854400,144.58
2010-09-29,145.02,145.02,142.54,144.42,6944900,144.42
2010-09-28,146.51,146.69,144.06,145.01,5504800,145.01
2010-09-27,147.01,148.41,145.78,146.00,5205900,146.00
2010-09-24,146.25,147.60,145.82,147.28,5612400,147.28
2010-09-23,146.36,146.87,143.98,144.91,9152400,144.91
2010-09-22,149.95,150.55,147.69,148.07,8986100,148.07
2010-09-21,152.11,154.57,151.09,151.40,6876000,151.40
2010-09-20,150.98,152.40,149.89,151.90,5640500,151.90
2010-09-17,152.11,152.47,150.56,150.98,4835600,150.98
2010-09-16,152.28,152.48,151.16,152.23,4388600,152.23
2010-09-15,151.67,152.80,150.67,152.56,5698200,152.56
2010-09-14,153.54,153.75,152.23,152.53,5688200,152.53
2010-09-13,152.32,154.70,152.30,154.37,7653600,154.37
2010-09-10,149.46,150.75,148.81,150.39,4417200,150.39
2010-09-09,149.79,150.68,148.50,149.14,6729800,149.14
2010-09-08,145.38,149.66,145.36,147.54,8297200,147.54
2010-09-07,146.15,146.24,144.15,145.21,6211300,145.21
2010-09-03,141.62,147.99,141.33,147.29,13555700,147.29
2010-09-02,139.93,140.15,138.45,139.78,4992000,139.78
2010-09-01,139.01,140.34,137.80,139.74,6887300,139.74
2010-08-31,136.25,138.01,135.79,136.93,7064100,136.93
2010-08-30,138.83,140.11,136.65,136.66,6205800,136.66
2010-08-27,141.13,141.74,138.25,139.75,11252000,139.40
2010-08-26,144.94,145.16,141.66,141.81,6818100,141.45
2010-08-25,142.81,145.33,142.75,144.68,5638400,144.32
2010-08-24,144.80,145.49,143.82,143.95,6372300,143.59
2010-08-23,148.12,148.50,146.60,146.74,3729200,146.37
2010-08-20,147.44,148.97,147.25,148.24,5276800,147.87
2010-08-19,148.67,149.66,146.28,147.05,5290900,146.68
2010-08-18,148.54,149.94,147.73,149.20,4460600,148.83
2010-08-17,148.68,149.79,148.14,148.59,4391600,148.22
2010-08-16,147.58,149.18,147.00,147.76,3760100,147.39
2010-08-13,149.38,150.45,148.08,148.08,4218700,147.71
2010-08-12,147.81,150.59,147.81,149.42,4949300,149.05
2010-08-11,151.72,152.00,148.91,149.25,7734400,148.88
2010-08-10,154.02,154.77,153.18,153.90,5861700,153.51
2010-08-09,155.93,156.20,154.59,155.40,4209800,155.01
2010-08-06,154.54,156.06,153.77,155.18,8082600,154.79
2010-08-05,155.63,156.22,154.40,155.92,5680200,155.53
2010-08-04,153.62,157.25,153.00,156.41,12283700,156.02
2010-08-03,152.12,153.96,151.41,153.19,5648500,152.81
2010-08-02,152.82,153.64,151.61,152.74,6523100,152.36
2010-07-30,151.35,153.41,150.80,150.82,8792400,150.44
2010-07-29,148.27,153.15,147.63,152.58,15657700,152.20
2010-07-28,147.00,148.65,146.78,147.20,4845600,146.83
2010-07-27,149.09,149.66,147.00,147.23,7151200,146.86
2010-07-26,147.39,149.00,145.21,148.20,6089000,147.83
2010-07-23,146.65,148.41,144.57,147.38,7306900,147.01
2010-07-22,148.88,149.88,144.16,146.55,13307300,146.18
2010-07-21,150.05,150.97,146.86,146.99,11337000,146.62
2010-07-20,142.18,149.73,141.55,148.91,20571400,148.54
2010-07-19,147.67,147.70,144.10,145.68,10875900,145.32
2010-07-16,151.47,152.00,146.05,146.17,29604600,145.80
2010-07-15,140.02,146.25,137.82,145.22,21621900,144.86
2010-07-14,139.29,139.59,137.65,139.06,6068500,138.71
2010-07-13,138.50,141.20,138.11,140.25,8983900,139.90
2010-07-12,137.61,138.31,136.03,137.25,4728900,136.91
2010-07-09,135.36,138.50,134.59,138.06,6919900,137.71
2010-07-08,136.92,137.17,133.56,135.46,9895700,135.12
2010-07-07,132.44,136.13,132.07,135.83,9300400,135.49
2010-07-06,133.74,134.39,131.07,132.26,7820100,131.93
2010-07-02,132.11,132.38,129.69,131.08,6566400,130.75
2010-07-01,131.69,133.75,129.50,131.14,11645300,130.81
2010-06-30,133.68,134.30,131.02,131.27,9139800,130.94
2010-06-29,134.98,135.85,133.17,133.76,10338100,133.42
2010-06-28,140.38,140.38,136.53,136.66,9908100,136.32
2010-06-25,136.99,140.90,135.43,139.66,14332300,139.31
2010-06-24,134.14,135.98,133.11,134.98,9967900,134.64
2010-06-23,133.90,136.38,132.73,135.07,8232200,134.73
2010-06-22,137.54,137.75,134.59,134.79,9002200,134.45
2010-06-21,139.65,140.15,137.31,137.74,8691000,137.40
2010-06-18,137.82,139.72,137.52,138.18,10154900,137.83
2010-06-17,136.95,138.38,135.22,137.32,8104300,136.98
2010-06-16,136.06,138.26,135.71,137.06,7077700,136.72
2010-06-15,134.63,137.40,133.30,136.90,10649300,136.56
2010-06-14,137.11,137.11,133.40,133.44,10951400,133.11
2010-06-11,133.33,136.05,133.00,135.64,9241800,135.30
2010-06-10,137.60,137.77,131.30,133.77,21931000,133.43
2010-06-09,138.59,139.42,136.22,136.80,8950600,136.46
2010-06-08,139.14,139.68,135.05,137.78,14587000,137.43
2010-06-07,142.28,143.27,137.85,138.68,12238600,138.33
2010-06-04,142.17,145.87,141.71,142.25,14900400,141.89
2010-06-03,144.91,145.25,142.50,144.04,7454900,143.68
2010-06-02,142.00,145.00,141.14,144.83,7668400,144.47
2010-06-01,144.26,146.40,141.70,141.86,9455200,141.50
2010-05-28,144.42,145.80,143.10,144.26,10683700,143.90
2010-05-27,142.93,145.05,141.04,144.95,12910200,144.59
2010-05-26,144.29,145.80,139.69,140.30,17073900,139.60
2010-05-25,134.73,143.19,134.20,142.56,21490900,141.85
2010-05-24,142.00,142.95,136.51,136.69,16556800,136.01
2010-05-21,137.08,143.45,136.25,140.62,25553400,139.92
2010-05-20,138.20,139.49,135.75,136.10,16279200,135.42
2010-05-19,137.95,140.13,136.10,140.10,18079900,139.40
2010-05-18,143.69,143.75,136.60,137.36,18025300,136.67
2010-05-17,143.47,144.30,138.53,142.64,16330100,141.93
2010-05-14,143.41,144.15,141.90,143.23,10977400,142.51
2010-05-13,148.36,148.45,144.42,144.65,11517900,143.93
2010-05-12,144.24,147.65,142.28,147.20,15457000,146.47
2010-05-11,142.40,145.50,141.55,141.97,15497900,141.26
2010-05-10,149.09,149.90,141.20,143.83,23098200,143.11
2010-05-07,145.38,146.55,141.50,142.99,21268500,142.28
2010-05-06,147.48,148.63,139.06,142.32,22984700,141.61
2010-05-05,148.10,151.22,147.20,148.19,18355200,147.45
2010-05-04,149.03,152.35,147.83,149.45,30313400,148.70
2010-05-03,147.84,150.65,146.54,149.50,28282700,148.75
2010-04-30,151.90,152.50,143.30,145.20,73187900,144.48
2010-04-29,159.55,161.05,158.34,160.24,18464300,159.44
2010-04-28,156.66,157.65,154.69,157.01,21226100,156.23
2010-04-27,150.25,156.19,150.15,153.04,34516800,152.28
2010-04-26,156.72,156.99,151.52,152.03,30940700,151.27
2010-04-23,160.19,160.72,157.00,157.40,14916000,156.61
2010-04-22,157.93,162.00,156.29,159.05,24823000,158.26
2010-04-21,161.67,163.14,157.00,158.93,30371000,158.14
2010-04-20,166.44,166.71,158.00,159.98,42196600,159.18
2010-04-19,155.60,163.73,155.00,163.32,54299200,162.50
2010-04-16,183.62,186.41,155.55,160.70,102043700,159.90
2010-04-15,185.54,185.60,183.66,184.27,7838700,183.35
2010-04-14,183.91,185.94,183.07,184.92,12556400,184.00
2010-04-13,177.56,180.00,177.11,179.25,6466400,178.36
2010-04-12,179.36,180.38,177.84,177.84,6040800,176.95
2010-04-09,180.28,181.00,177.50,179.12,8462000,178.23
2010-04-08,176.10,180.80,175.28,179.50,10668800,178.60
2010-04-07,172.89,177.90,172.81,176.36,13887200,175.48
2010-04-06,172.61,173.89,172.15,172.90,7743600,172.04
2010-04-05,170.68,173.37,169.77,173.16,6135000,172.30
2010-04-01,171.72,172.00,169.50,170.22,6480600,169.37
2010-03-31,170.00,171.66,169.85,170.63,8243200,169.78
2010-03-30,174.26,174.78,170.70,171.38,8184600,170.52
2010-03-29,173.87,174.43,171.64,174.05,11785600,173.18
2010-03-26,175.38,175.48,171.91,172.87,11811500,172.01
2010-03-25,175.24,178.73,174.78,174.90,9534300,174.03
2010-03-24,173.64,175.96,173.64,174.41,8396100,173.54
2010-03-23,176.25,176.81,173.29,174.83,10804800,173.96
2010-03-22,176.21,176.95,175.23,176.16,7320400,175.28
2010-03-19,178.19,178.21,175.95,177.90,10891000,177.01
2010-03-18,176.20,177.75,175.66,177.45,6883500,176.56
2010-03-17,176.86,177.88,175.57,176.64,10138600,175.76
2010-03-16,174.33,176.42,173.56,176.19,11687700,175.31
2010-03-15,173.95,175.20,170.38,173.53,13958600,172.66
2010-03-12,175.01,176.34,174.00,174.96,10216900,174.09
2010-03-11,171.40,173.57,171.10,173.51,8910600,172.64
2010-03-10,170.26,172.34,168.87,171.94,13107200,171.08
2010-03-09,169.22,172.20,168.00,168.85,12958700,168.01
2010-03-08,167.88,170.69,167.46,169.84,9344500,168.99
2010-03-05,165.11,168.25,165.00,167.18,12226700,166.35
2010-03-04,158.25,163.85,158.11,163.61,15439500,162.79
2010-03-03,159.04,159.45,157.23,157.72,10006000,156.93
2010-03-02,157.18,159.75,156.91,158.75,11986400,157.96
2010-03-01,156.51,158.29,156.17,156.54,6522800,155.76
2010-02-26,156.26,156.99,155.26,156.35,7812700,155.57
2010-02-25,156.23,156.44,154.32,156.44,10519900,155.31
2010-02-24,157.34,159.25,156.87,158.33,8361500,157.19
2010-02-23,156.81,160.21,155.91,156.70,15696000,155.57
2010-02-22,157.20,157.97,156.03,156.71,7375500,155.58
2010-02-19,154.51,157.00,154.49,156.18,8693000,155.05
2010-02-18,155.61,156.59,154.88,155.73,10991100,154.61
2010-02-17,158.00,158.19,155.81,157.26,10070000,156.12
2010-02-16,155.30,157.74,154.60,157.40,11497100,156.26
2010-02-12,152.37,154.50,151.14,153.93,10293200,152.82
2010-02-11,154.40,155.32,152.25,154.05,11163400,152.94
2010-02-10,152.77,155.35,151.76,153.63,10555300,152.52
2010-02-09,152.70,153.53,149.65,152.49,14017300,151.39
2010-02-08,154.27,154.60,150.82,151.10,10257300,150.01
2010-02-05,150.82,154.46,148.87,154.16,18759200,153.05
2010-02-04,155.27,156.06,150.45,150.68,18895000,149.59
2010-02-03,157.92,159.94,157.11,157.23,16785200,156.09
2010-02-02,153.65,157.50,153.65,156.94,17246600,155.81
2010-02-01,149.82,155.25,149.21,153.13,12980800,152.02
2010-01-29,154.44,154.88,147.81,148.72,18502800,147.65
2010-01-28,154.23,155.20,149.95,153.29,16160700,152.18
2010-01-27,150.75,152.93,148.27,151.50,19899000,150.41
2010-01-26,154.91,156.50,150.70,150.88,15985900,149.79
2010-01-25,156.13,158.30,154.50,154.98,17877000,153.86
2010-01-22,158.69,159.75,152.25,154.12,30175600,153.01
2010-01-21,169.29,171.00,156.77,160.87,51738300,159.71
2010-01-20,165.80,168.18,164.32,167.79,8893900,166.58
2010-01-19,165.01,167.40,163.90,166.86,7705300,165.66
2010-01-15,167.60,167.80,164.58,165.21,10896300,164.02
2010-01-14,168.00,170.72,167.21,168.53,10521400,167.31
2010-01-13,168.01,169.67,166.12,169.07,11269500,167.85
2010-01-12,170.01,170.48,167.03,167.82,10360100,166.61
2010-01-11,175.06,175.06,170.52,171.56,7704900,170.32
2010-01-08,176.33,177.43,173.95,174.31,7268100,173.05
2010-01-07,174.32,178.75,173.95,177.67,8727400,176.39
2010-01-06,175.38,175.38,173.76,174.26,7381100,173.00
2010-01-05,173.00,176.26,172.57,176.14,11659400,174.87
2010-01-04,170.05,174.25,169.51,173.08,9135000,171.83
2009-12-31,167.29,170.13,166.93,168.84,6401800,167.62
2009-12-30,164.06,167.28,163.69,166.70,5996200,165.50
2009-12-29,164.50,165.20,163.21,164.12,5214800,162.94
2009-12-28,164.10,165.71,163.46,163.76,3586000,162.58
2009-12-24,164.00,164.90,163.31,163.97,1858100,162.79
2009-12-23,165.06,165.80,163.39,163.63,4052600,162.45
2009-12-22,165.50,166.30,164.50,164.60,4190700,163.41
2009-12-21,163.79,166.75,163.42,165.45,9392900,164.26
2009-12-18,161.81,163.38,160.20,163.19,8687100,162.01
2009-12-17,162.31,163.62,160.83,160.93,8943800,159.77
2009-12-16,163.85,165.89,163.07,164.99,8637700,163.80
2009-12-15,164.81,166.00,162.11,162.74,7539800,161.57
2009-12-14,166.48,166.50,163.86,166.10,6652900,164.90
2009-12-11,167.54,167.95,165.42,166.00,6425000,164.80
2009-12-10,166.69,167.94,164.16,166.73,11930700,165.53
2009-12-09,162.13,167.05,160.72,166.44,10975800,165.24
2009-12-08,163.12,164.10,161.05,161.84,11693900,160.67
2009-12-07,166.52,167.36,163.76,163.85,6654600,162.67
2009-12-04,167.50,167.80,163.53,167.24,10410300,166.03
2009-12-03,167.95,169.16,163.94,164.30,8020400,163.11
2009-12-02,167.65,167.81,165.57,166.66,7500200,165.46
2009-12-01,171.25,171.33,167.07,167.63,13489100,166.42
2009-11-30,165.47,169.99,164.77,169.66,10699200,168.44
2009-11-27,164.27,166.30,163.22,164.16,6883200,162.63
2009-11-25,171.97,172.10,168.05,168.92,6984800,167.34
2009-11-24,171.64,172.00,170.28,171.13,6143700,169.53
2009-11-23,171.67,173.63,171.25,172.00,7930000,170.39
2009-11-20,171.40,172.44,170.01,170.01,8825400,168.42
2009-11-19,175.53,176.20,171.43,172.83,8893100,171.22
2009-11-18,176.47,177.45,175.01,176.90,5959000,175.25
2009-11-17,177.01,178.25,175.50,176.60,7680500,174.95
2009-11-16,177.99,179.38,176.43,177.25,8748500,175.60
2009-11-13,178.89,178.99,175.64,176.76,7630900,175.11
2009-11-12,179.70,181.43,177.79,178.48,7404200,176.81
2009-11-11,178.03,180.84,177.95,179.85,8187800,178.17
2009-11-10,176.40,177.74,175.32,176.51,7244700,174.86
2009-11-09,173.68,176.75,173.50,176.57,10329200,174.92
2009-11-06,171.96,173.95,171.00,171.78,6274200,170.18
2009-11-05,170.98,173.50,169.21,173.40,9017500,171.78
2009-11-04,173.47,174.60,169.02,169.50,11143300,167.92
2009-11-03,168.98,172.16,168.74,171.61,11150300,170.01
2009-11-02,171.59,173.36,165.30,170.68,15802400,169.09
2009-10-30,177.22,177.62,169.68,170.17,13323700,168.58
2009-10-29,174.57,178.58,173.44,178.58,9342900,176.91
2009-10-28,177.91,178.40,171.67,172.16,13586400,170.55
2009-10-27,179.25,180.10,177.40,178.61,10505700,176.94
2009-10-26,180.52,182.45,177.82,179.37,9427400,177.70
2009-10-23,184.03,184.89,179.04,180.36,9221900,178.68
2009-10-22,180.04,183.94,179.56,183.69,10666200,181.98
2009-10-21,185.20,185.50,179.10,179.26,11759300,177.59
2009-10-20,185.19,187.55,184.07,184.96,7387400,183.23
2009-10-19,184.85,186.79,183.01,185.50,7482000,183.77
2009-10-16,186.67,187.65,183.38,184.37,12750800,182.65
2009-10-15,188.62,190.86,187.20,188.63,17834200,186.87
2009-10-14,191.58,193.60,190.40,192.28,15806700,190.48
2009-10-13,186.41,187.80,185.10,187.23,11959300,185.48
2009-10-12,190.86,190.90,188.84,190.15,6189400,188.37
2009-10-09,188.73,189.75,187.92,189.30,6526300,187.53
2009-10-08,191.89,192.17,187.61,188.17,11978100,186.41
2009-10-07,186.51,190.58,186.00,190.48,10579400,188.70
2009-10-06,188.46,189.44,184.60,186.98,13918900,185.23
2009-10-05,180.77,186.65,180.55,186.47,9471200,184.73
2009-10-02,176.45,181.06,175.60,179.61,9232400,177.93
2009-10-01,184.01,184.69,178.60,178.99,11044500,177.32
2009-09-30,184.77,185.48,181.82,184.35,10517900,182.63
2009-09-29,182.99,184.78,182.13,183.58,7539300,181.87
2009-09-28,180.14,182.78,178.66,182.50,7892200,180.80
2009-09-25,182.18,183.10,177.70,179.50,12296200,177.82
2009-09-24,184.92,185.60,181.17,183.06,10982400,181.35
2009-09-23,186.31,188.00,183.64,183.64,10069600,181.93
2009-09-22,183.88,185.80,182.58,185.52,7470700,183.79
2009-09-21,181.69,183.73,181.41,182.39,6368600,180.69
2009-09-18,181.69,183.95,180.65,183.18,8395300,181.47
2009-09-17,179.88,183.00,179.55,181.46,9674300,179.77
2009-09-16,177.82,179.87,176.50,179.87,8706100,178.19
2009-09-15,178.00,178.00,175.46,176.66,8398900,175.01
2009-09-14,173.28,177.90,173.16,177.71,8028100,176.05
2009-09-11,176.80,177.81,174.37,174.70,11094800,173.07
2009-09-10,171.00,175.36,170.13,174.87,13488900,173.24
2009-09-09,167.80,170.56,167.16,170.27,10196500,168.68
2009-09-08,165.25,167.25,165.05,167.22,10066300,165.66
2009-09-04,161.54,163.85,161.36,162.97,6220100,161.45
2009-09-03,159.92,162.25,159.55,161.66,8837800,160.15
2009-09-02,160.13,161.44,158.14,158.54,10751500,157.06
2009-09-01,164.80,166.38,159.93,160.17,12446800,158.67
2009-08-31,162.95,165.59,161.25,165.46,9106500,163.92
2009-08-28,165.87,166.25,163.40,164.42,7029800,162.89
2009-08-27,165.69,165.90,163.25,165.02,7890600,163.48
2009-08-26,164.29,166.41,163.70,165.95,8325600,164.40
2009-08-25,163.33,165.30,163.04,164.94,9118900,163.40
2009-08-24,164.36,166.26,162.58,162.58,9148800,161.06
2009-08-21,163.76,164.90,162.02,163.51,10417200,161.98
2009-08-20,160.20,162.84,160.10,162.33,7619200,160.47
2009-08-19,159.11,160.50,158.00,159.93,8838900,158.10
2009-08-18,159.67,160.90,159.49,160.48,8090000,158.64
2009-08-17,159.32,159.61,157.20,157.25,10146100,155.45
2009-08-14,163.97,164.39,160.79,162.73,6756800,160.86
2009-08-13,165.24,165.49,162.61,164.48,8922600,162.59
2009-08-12,159.87,164.39,159.57,163.76,9842700,161.88
2009-08-11,159.94,162.22,159.15,159.22,9785100,157.39
2009-08-10,163.20,163.88,159.40,160.36,8909700,158.52
2009-08-07,168.30,168.30,162.73,163.65,10771800,161.77
2009-08-06,169.40,170.94,165.81,166.75,8201800,164.84
2009-08-05,165.75,168.96,164.61,168.64,9593900,166.71
2009-08-04,162.99,165.47,162.96,165.17,8808900,163.28
2009-08-03,165.20,166.29,163.30,164.10,8361800,162.22
2009-07-31,162.37,163.87,161.30,163.30,7721200,161.43
2009-07-30,161.11,164.10,160.71,162.42,9415400,160.56
2009-07-29,159.21,160.98,157.90,159.44,9111300,157.61
2009-07-28,162.30,162.39,159.50,160.54,10244800,158.70
2009-07-27,164.70,165.47,162.00,163.87,7613000,161.99
2009-07-24,164.43,165.00,162.81,164.72,7294400,162.83
2009-07-23,160.20,166.42,159.30,165.45,12291900,163.55
2009-07-22,158.19,161.25,157.34,160.46,9499400,158.62
2009-07-21,159.89,160.01,157.02,159.80,10886500,157.97
2009-07-20,157.75,160.73,157.28,160.03,12433800,158.19
2009-07-17,155.87,157.94,155.52,156.84,9617200,155.04
2009-07-16,155.00,157.99,153.81,156.84,12643600,155.04
2009-07-15,152.01,155.98,150.63,155.26,21135600,153.48
2009-07-14,148.98,151.15,148.08,149.66,28813100,147.94
2009-07-13,146.72,149.85,145.05,149.44,23817800,147.73
2009-07-10,142.35,144.87,141.20,141.87,12685200,140.24
2009-07-09,141.76,144.89,140.91,143.21,15026500,141.57
2009-07-08,142.45,142.93,135.23,138.55,19399300,136.96
2009-07-07,146.24,146.97,142.30,142.54,9503000,140.90
2009-07-06,142.66,146.46,142.26,146.46,11756800,144.78
2009-07-02,145.86,146.20,143.28,143.49,7685000,141.84
2009-07-01,147.59,148.88,146.62,147.32,7505000,145.63
2009-06-30,149.40,149.80,146.24,147.44,9614400,145.75
2009-06-29,147.50,149.50,146.10,149.36,7835800,147.65
2009-06-26,144.49,148.19,143.93,146.74,9837400,145.06
2009-06-25,141.57,144.62,140.85,144.43,10135900,142.77
2009-06-24,142.53,144.69,141.31,142.65,11531000,141.01
2009-06-23,138.34,141.22,137.60,141.19,11056800,139.57
2009-06-22,141.87,143.52,137.01,137.01,13939000,135.44
2009-06-19,143.19,144.39,141.53,143.13,9473700,141.49
2009-06-18,139.96,143.70,139.63,143.09,10526500,141.45
2009-06-17,144.09,144.09,139.03,139.73,14054600,138.13
2009-06-16,143.94,145.85,143.26,144.16,10129700,142.51
2009-06-15,144.17,145.60,142.90,143.01,8742100,141.37
2009-06-12,144.38,146.43,144.15,145.64,8209900,143.97
2009-06-11,146.12,147.95,145.00,145.15,12086500,143.48
2009-06-10,149.93,149.99,144.52,146.68,14346700,145.00
2009-06-09,149.00,150.79,148.10,149.31,11566100,147.60
2009-06-08,147.55,149.44,146.19,148.35,10908900,146.65
2009-06-05,151.05,151.17,148.70,149.01,12817500,147.30
2009-06-04,144.65,149.75,144.40,149.47,17166900,147.76
2009-06-03,141.91,143.31,140.74,142.15,11809700,140.52
2009-06-02,143.25,144.97,142.01,143.13,11988200,141.49
2009-06-01,145.80,147.37,143.31,144.33,18403800,142.67
2009-05-29,145.81,145.90,141.28,144.57,14130000,142.91
2009-05-28,141.65,145.29,139.29,144.65,14803100,142.99
2009-05-27,142.22,145.49,140.01,140.01,16696900,138.40
2009-05-26,134.61,142.07,134.61,142.05,13768700,140.42
2009-05-22,137.78,138.99,136.05,136.35,9058400,134.79
2009-05-21,134.05,139.45,133.92,137.16,16135500,135.59
2009-05-20,142.31,142.63,136.02,136.44,21426800,134.53
2009-05-19,142.59,144.86,141.15,141.15,15324300,139.17
2009-05-18,137.20,143.15,136.78,143.15,18622700,141.14
2009-05-15,134.02,136.10,132.20,134.40,14754700,132.52
2009-05-14,129.12,134.44,128.94,133.60,17411400,131.73
2009-05-13,133.20,133.39,128.06,129.26,18621300,127.45
2009-05-12,137.03,138.40,132.21,135.41,21101400,133.51
2009-05-11,136.85,138.96,134.83,135.78,18391800,133.88
2009-05-08,134.89,139.59,133.15,139.59,19152000,137.63
2009-05-07,140.98,141.56,131.81,133.73,23188600,131.86
2009-05-06,136.80,140.36,136.05,139.22,20439300,137.27
2009-05-05,132.90,136.20,132.55,135.20,16811000,133.31
2009-05-04,127.51,134.43,126.16,134.16,23434000,132.28
2009-05-01,127.90,130.27,126.16,127.08,17536300,125.30
2009-04-30,128.52,129.65,125.18,128.50,24834600,126.70
2009-04-29,122.02,127.94,121.60,127.18,22999800,125.40
2009-04-28,120.17,122.25,119.80,120.67,14907300,118.98
2009-04-27,119.34,124.37,119.34,120.90,19129700,119.21
2009-04-24,123.25,123.70,120.25,121.30,22407200,119.60
2009-04-23,121.64,122.97,118.21,122.81,20133300,121.09
2009-04-22,118.61,124.80,117.84,120.49,28219000,118.80
2009-04-21,113.76,121.03,113.38,120.36,24772300,118.67
2009-04-20,116.97,118.90,115.00,115.01,21609500,113.40
2009-04-17,120.84,122.96,118.96,120.60,21841200,118.91
2009-04-16,123.09,123.67,119.58,121.19,23574500,119.49
2009-04-15,116.72,122.10,113.57,121.19,41345800,119.49
2009-04-14,123.76,124.24,115.10,115.11,79935800,113.50
2009-04-13,122.81,131.27,122.50,130.15,36460800,128.33
2009-04-09,119.79,124.98,117.45,124.33,25610700,122.59
2009-04-08,117.37,117.55,112.50,114.75,20406200,113.14
2009-04-07,114.00,119.76,113.57,116.08,22183000,114.45
2009-04-06,116.00,117.95,114.05,116.65,21098100,115.02
2009-04-03,112.80,119.76,112.55,119.40,23687100,117.73
2009-04-02,115.21,115.90,112.50,114.22,30053600,112.62
2009-04-01,104.10,111.34,103.94,110.29,24883000,108.75
2009-03-31,102.81,108.50,102.48,106.02,25900100,104.53
2009-03-30,104.11,105.05,100.46,100.46,21354900,99.05
2009-03-27,109.61,111.50,107.82,108.08,21569500,106.57
2009-03-26,112.00,113.19,109.45,111.99,28844800,110.42
2009-03-25,111.13,113.91,106.13,112.95,32805900,111.37
2009-03-24,110.59,115.65,109.34,110.60,30914400,109.05
2009-03-23,102.50,111.93,101.30,111.93,33581800,110.36
2009-03-20,99.51,100.50,95.10,97.32,29137300,95.96
2009-03-19,104.65,105.77,99.26,99.30,28577100,97.91
2009-03-18,97.58,106.79,96.70,105.25,34372900,103.78
2009-03-17,92.64,99.01,92.55,98.99,23327500,97.60
2009-03-16,100.33,101.41,93.19,93.90,28240800,92.58
2009-03-13,97.79,99.84,95.64,98.80,30959400,97.42
2009-03-12,92.03,97.50,90.18,97.25,30814100,95.89
2009-03-11,86.89,93.50,85.58,92.39,37989000,91.10
2009-03-10,77.68,85.45,77.10,85.28,35004400,84.09
2009-03-09,73.77,77.40,72.78,73.95,23648800,72.91
2009-03-06,82.33,84.48,73.25,75.65,33484400,74.59
2009-03-05,82.88,85.70,79.35,81.72,24826200,80.58
2009-03-04,84.90,88.00,81.50,85.47,28050800,84.27
2009-03-03,88.33,88.84,80.29,82.37,30943600,81.22
2009-03-02,87.86,90.21,85.56,86.27,24074100,85.06
2009-02-27,88.63,93.38,87.50,91.08,26041700,89.80
2009-02-26,92.30,94.00,90.02,92.15,27516400,90.86
2009-02-25,91.55,93.50,87.30,89.92,36249600,88.66
2009-02-24,81.53,93.09,81.51,92.98,33115800,91.68
2009-02-23,86.51,87.77,79.79,80.07,22298600,78.95
2009-02-20,81.95,87.15,79.27,84.59,36146100,83.41
2009-02-19,86.41,88.87,85.53,86.01,24476100,84.34
2009-02-18,87.69,87.69,81.07,84.50,32610600,82.86
2009-02-17,92.26,92.48,84.79,85.71,31078100,84.05
2009-02-13,95.00,97.98,94.50,96.45,22975200,94.58
2009-02-12,92.65,96.20,91.47,95.58,22915400,93.73
2009-02-11,91.75,94.94,90.42,94.71,19554400,92.88
2009-02-10,96.79,97.89,89.70,90.40,29857200,88.65
2009-02-09,97.02,98.66,94.63,97.89,18736400,95.99
2009-02-06,94.27,96.58,91.56,96.57,26559800,94.70
2009-02-05,86.77,94.70,86.26,92.85,33847500,91.05
2009-02-04,83.70,89.92,83.45,87.97,29780400,86.27
2009-02-03,84.30,84.50,79.80,82.81,19442500,81.21
2009-02-02,78.78,84.00,78.57,83.57,18485500,81.95
2009-01-30,83.59,84.78,79.35,80.73,20344900,79.17
2009-01-29,85.13,86.59,82.12,82.72,21624300,81.12
2009-01-28,84.28,89.10,83.37,87.70,34234400,86.00
2009-01-27,75.51,78.65,74.77,78.26,20655300,76.74
2009-01-26,76.06,78.75,72.77,74.20,18729300,72.76
2009-01-23,67.87,75.35,67.12,74.91,21924100,73.46
2009-01-22,67.28,73.69,65.53,71.03,24608200,69.65
2009-01-21,63.39,70.10,63.25,69.90,38168900,68.55
2009-01-20,69.60,70.26,59.13,59.20,33123100,58.05
2009-01-16,75.98,76.50,69.95,73.05,26049300,71.64
2009-01-15,75.03,76.20,69.00,73.83,25795400,72.40
2009-01-14,75.88,76.88,73.45,75.69,18336700,74.22
2009-01-13,74.16,78.88,73.71,77.92,25861100,76.41
2009-01-12,83.36,83.76,76.43,77.67,15776600,76.17
2009-01-09,85.91,86.87,80.41,83.92,12192900,82.30
2009-01-08,83.52,86.52,82.68,85.41,13415500,83.76
2009-01-07,86.91,87.85,83.65,84.50,12465500,82.86
2009-01-06,90.05,92.20,87.72,88.71,21551800,86.99
2009-01-05,85.81,90.95,85.46,88.78,15996700,87.06
2009-01-02,84.02,87.62,82.19,86.76,14088500,85.08
2008-12-31,82.24,86.15,81.12,84.39,14894100,82.76
2008-12-30,77.29,82.06,76.31,82.06,11031300,80.47
2008-12-29,76.43,77.11,75.03,76.56,6322300,75.08
2008-12-26,76.83,77.44,75.31,75.97,4657300,74.50
2008-12-24,75.54,76.74,75.26,76.44,3166000,74.96
2008-12-23,77.41,78.00,75.05,75.20,9468000,73.74
2008-12-22,80.00,80.13,74.89,77.00,13175500,75.51
2008-12-19,79.37,80.73,77.65,80.73,20379300,79.17
2008-12-18,79.67,81.19,78.25,80.05,19998100,78.50
2008-12-17,75.33,81.29,74.14,78.78,24790900,77.25
2008-12-16,69.57,78.00,68.54,76.00,44110400,74.53
2008-12-15,67.12,68.31,65.11,66.46,13821600,65.17
2008-12-12,65.70,70.55,65.50,67.74,15777100,66.43
2008-12-11,70.35,74.00,69.09,69.71,15387500,68.36
2008-12-10,73.80,73.90,69.35,71.53,14093300,70.15
2008-12-09,75.42,77.87,71.56,72.77,17049900,71.36
2008-12-08,73.87,78.53,73.52,77.15,22756000,75.66
2008-12-05,66.75,71.20,65.02,70.72,23811700,69.35
2008-12-04,68.19,70.65,66.04,67.53,23838500,66.22
2008-12-03,63.07,69.87,62.12,68.95,29036300,67.62
2008-12-02,63.65,67.00,60.22,65.00,35316700,63.74
2008-12-01,75.80,75.80,64.19,65.76,28592700,64.49
2008-11-28,75.94,81.19,74.24,78.99,11525000,77.46
2008-11-26,69.63,78.45,69.40,76.50,25006900,75.02
2008-11-25,71.41,74.50,66.52,71.78,38662400,70.39
2008-11-24,56.13,70.10,55.27,67.42,44615400,66.11
2008-11-21,54.54,54.54,47.41,53.31,39591500,52.28
2008-11-20,54.00,57.54,49.00,52.00,55618000,50.99
2008-11-19,61.33,63.45,54.54,55.18,30481500,54.11
2008-11-18,62.73,65.50,60.56,62.03,25737100,60.83
2008-11-17,64.79,66.33,61.75,62.49,20299400,61.28
2008-11-14,67.85,70.00,65.12,66.73,22186300,65.44
2008-11-13,67.79,70.40,61.02,69.99,39994000,68.63
2008-11-12,71.99,73.64,64.54,66.79,34436600,65.50
2008-11-11,69.36,75.42,66.68,74.68,47573900,73.23
2008-11-10,78.77,79.22,68.51,71.21,47450700,69.83
2008-11-07,81.45,81.85,75.00,77.78,31450400,76.27
2008-11-06,85.91,88.80,79.41,80.72,25933100,79.16
2008-11-05,92.78,94.71,86.50,87.43,15693100,85.74
2008-11-04,90.69,95.00,87.18,95.00,22105700,93.16
2008-11-03,92.00,95.25,87.31,89.09,19796200,87.37
2008-10-31,88.98,95.00,87.20,92.50,24881200,90.71
2008-10-30,101.16,101.25,88.01,91.11,29700400,89.35
2008-10-29,93.35,102.71,88.66,97.66,27769900,95.77
2008-10-28,96.99,97.25,82.22,93.57,50066600,91.76
2008-10-27,96.80,102.00,91.47,92.88,20595000,91.08
2008-10-24,96.00,105.00,96.00,100.40,24494800,98.46
2008-10-23,113.98,116.00,101.71,108.58,25529600,106.48
2008-10-22,117.19,120.19,111.00,115.06,15459100,112.49
2008-10-21,120.84,123.62,118.83,121.35,13588000,118.64
2008-10-20,117.55,123.80,115.65,121.50,16908300,118.79
2008-10-17,110.24,118.59,107.00,114.30,18413500,111.75
2008-10-16,115.00,118.49,104.00,112.40,27901700,109.89
2008-10-15,114.45,120.71,110.79,113.15,22250100,110.62
2008-10-14,125.97,128.00,117.32,122.90,41605300,120.15
2008-10-13,98.93,115.65,91.00,111.00,45400500,108.52
2008-10-10,86.11,99.40,74.00,88.80,71312700,86.82
2008-10-09,117.75,118.94,100.00,101.35,28150500,99.09
2008-10-08,110.00,121.00,107.55,113.00,18223800,110.48
2008-10-07,127.51,127.51,112.02,115.00,17184000,112.43
2008-10-06,122.10,127.17,115.00,124.00,21368000,121.23
2008-10-03,132.84,142.00,126.94,128.00,16080700,125.14
2008-10-02,132.17,133.21,128.05,131.54,10894700,128.60
2008-10-01,127.32,135.35,124.99,134.50,13837100,131.49
2008-09-30,126.89,130.00,124.50,128.00,13129900,125.14
2008-09-29,134.49,134.62,105.00,120.70,24147600,118.00
2008-09-26,132.49,137.99,129.51,137.99,15806400,134.91
2008-09-25,134.25,137.99,128.76,135.50,19172100,132.47
2008-09-24,128.44,133.70,126.02,133.00,46611300,130.03
2008-09-23,118.89,125.95,113.01,125.05,20037600,122.26
2008-09-22,132.78,135.64,120.43,120.78,21938700,118.08
2008-09-19,142.51,144.98,116.00,129.80,43208300,126.90
2008-09-18,106.00,120.00,86.31,108.00,114590700,105.59
2008-09-17,120.80,126.60,97.78,114.50,112060400,111.94
2008-09-16,118.00,135.29,116.13,133.01,48296400,130.04
2008-09-15,142.28,151.40,130.43,135.50,42202300,132.47
2008-09-12,154.38,161.77,152.35,154.21,15622500,150.76
2008-09-11,151.36,159.42,149.87,157.03,20752800,153.52
2008-09-10,159.90,161.00,155.73,157.59,12939000,154.07
2008-09-09,167.30,168.38,160.50,161.67,12437500,158.06
2008-09-08,171.00,172.45,162.51,169.73,14981500,165.94
2008-09-05,157.77,163.71,157.72,163.24,7539000,159.59
2008-09-04,166.15,167.50,160.00,160.90,7788700,157.30
2008-09-03,163.97,167.92,162.03,167.61,6673500,163.86
2008-09-02,167.50,168.91,162.70,165.32,8212100,161.63
2008-08-29,160.56,165.00,160.27,163.97,7586300,160.31
2008-08-28,157.24,161.83,156.67,161.83,8565800,158.21
2008-08-27,154.71,155.88,153.41,155.48,6660200,152.01
2008-08-26,155.51,157.86,153.38,155.91,5995500,152.43
2008-08-25,158.59,158.66,155.11,155.71,6122500,152.23
2008-08-22,159.99,160.81,156.80,159.81,8321000,156.24
2008-08-21,155.79,158.00,152.59,156.42,14534400,152.92
2008-08-20,158.13,160.44,155.30,158.25,9443400,154.71
2008-08-19,158.49,161.75,156.90,158.00,8966300,154.47
2008-08-18,162.26,162.68,159.70,160.04,7421100,156.46
2008-08-15,167.40,167.69,162.34,163.18,8386200,159.53
2008-08-14,164.61,168.90,164.11,166.59,8660000,162.87
2008-08-13,167.00,169.40,162.40,164.90,12391300,161.22
2008-08-12,173.30,173.48,166.56,167.30,14023800,163.56
2008-08-11,176.38,183.20,175.07,178.00,8798500,174.02
2008-08-08,172.76,178.45,172.02,175.95,6634600,172.02
2008-08-07,177.22,178.50,171.15,172.33,9103100,168.48
2008-08-06,179.00,180.90,177.50,179.55,5832700,175.54
2008-08-05,178.89,180.83,175.50,180.77,8772200,176.73
2008-08-04,179.66,180.59,176.20,177.86,7551900,173.89
2008-08-01,185.00,186.00,178.66,182.00,7495400,177.93
2008-07-31,183.06,186.07,182.40,184.04,6062900,179.93
2008-07-30,184.00,186.83,180.96,186.17,9864200,182.01
2008-07-29,174.63,181.88,173.36,181.63,11149700,177.57
2008-07-28,178.94,182.28,172.23,172.90,9264500,169.04
2008-07-25,181.26,182.00,176.17,178.66,7233900,174.67
2008-07-24,188.49,188.49,179.77,180.26,8828100,175.89
2008-07-23,187.98,190.04,184.69,187.87,9871900,183.32
2008-07-22,178.46,188.04,177.30,188.04,11268100,183.48
2008-07-21,184.16,184.65,179.05,180.78,8841300,176.40
2008-07-18,183.08,183.50,178.06,182.84,11722200,178.41
2008-07-17,175.62,184.45,174.85,181.24,24819100,176.85
2008-07-16,161.21,173.27,159.15,172.86,19366400,168.67
2008-07-15,157.04,163.61,152.25,157.80,25593100,153.97
2008-07-14,167.92,168.00,158.57,158.67,15944800,154.82
2008-07-11,166.35,167.88,158.50,162.48,24827400,158.54
2008-07-10,167.51,173.30,166.25,170.16,14106200,166.03
2008-07-09,175.85,177.47,167.50,169.02,12909300,164.92
2008-07-08,171.37,176.00,166.74,174.90,16790500,170.66
2008-07-07,180.69,181.91,167.39,169.82,17013300,165.70
2008-07-03,180.30,182.36,178.26,178.89,6185400,174.55
2008-07-02,176.77,182.64,175.19,178.79,16256600,174.46
2008-07-01,173.13,177.06,170.23,175.33,13940400,171.08
2008-06-30,175.56,178.26,173.29,174.90,9373300,170.66
2008-06-27,177.01,178.28,172.29,174.56,12670600,170.33
2008-06-26,179.01,180.50,175.20,176.26,13603700,171.99
2008-06-25,183.11,187.01,183.09,183.65,10838800,179.20
2008-06-24,177.62,184.60,177.34,181.98,12663400,177.57
2008-06-23,184.60,184.60,177.01,178.59,9840000,174.26
2008-06-20,185.02,186.70,182.85,183.77,11331400,179.32
2008-06-19,183.69,186.98,181.11,186.93,10588800,182.40
2008-06-18,176.66,185.35,175.56,182.77,16222400,178.34
2008-06-17,185.04,185.89,179.14,179.44,24422900,175.09
2008-06-16,177.74,184.75,176.61,182.09,16376300,177.68
2008-06-13,169.47,178.56,169.40,178.29,14343000,173.97
2008-06-12,163.24,169.69,163.24,166.75,11767100,162.71
2008-06-11,167.00,167.25,161.21,162.40,16468500,158.46
2008-06-10,163.75,169.43,163.21,167.21,11014600,163.16
2008-06-09,170.85,172.68,163.35,165.76,12998400,161.74
2008-06-06,175.07,175.07,169.44,169.44,10559000,165.33
2008-06-05,173.21,177.44,173.19,176.60,9721900,172.32
2008-06-04,170.00,175.56,169.55,172.10,10777500,167.93
2008-06-03,173.35,173.66,167.60,170.58,13187400,166.44
2008-06-02,177.00,177.70,170.81,172.34,9847400,168.16
2008-05-30,177.80,178.86,175.85,176.41,5697400,172.13
2008-05-29,174.49,179.50,174.00,176.24,7755200,171.97
2008-05-28,174.76,175.93,172.21,174.83,7238500,170.59
2008-05-27,171.76,174.70,170.80,173.92,8420000,169.70
2008-05-23,176.01,176.50,171.23,172.64,8145500,168.45
2008-05-22,176.20,179.92,175.00,177.20,8684100,172.90
2008-05-21,182.55,183.66,178.01,178.60,9068500,174.27
2008-05-20,183.33,184.90,181.25,182.43,6889900,178.01
2008-05-19,185.67,189.32,183.47,184.40,7009200,179.93
2008-05-16,189.55,189.61,186.00,187.14,6144400,182.60
2008-05-15,189.78,189.80,185.32,188.62,8015600,184.05
2008-05-14,190.60,192.49,189.34,190.13,5031700,185.52
2008-05-13,191.18,193.00,189.02,190.33,5776700,185.72
2008-05-12,189.45,192.70,187.34,192.08,5655000,187.42
2008-05-09,186.02,189.98,185.69,188.09,6467800,183.53
2008-05-08,190.75,191.39,185.26,187.72,9867500,183.17
2008-05-07,197.60,198.44,189.54,189.76,7075600,185.16
2008-05-06,194.60,199.25,193.11,197.61,7508600,192.82
2008-05-05,198.61,201.12,196.15,197.12,6389900,192.34
2008-05-02,203.39,203.39,198.00,200.27,9437100,195.42
2008-05-01,191.77,199.19,190.85,199.05,9483200,194.22
2008-04-30,193.38,194.93,189.82,191.37,10352600,186.73
2008-04-29,190.25,192.68,188.25,192.68,7127200,188.01
2008-04-28,192.49,192.50,189.89,190.24,6252600,185.63
2008-04-25,190.26,192.49,188.37,192.00,12187400,187.35
2008-04-24,180.34,189.39,179.36,188.79,13182700,183.87
2008-04-23,180.84,183.20,178.00,179.35,7435900,174.68
2008-04-22,179.78,181.37,178.50,179.76,6127000,175.08
2008-04-21,179.57,181.75,178.29,180.40,7820700,175.70
2008-04-18,176.91,183.03,176.91,179.93,16882100,175.24
2008-04-17,167.74,173.50,167.10,172.10,8730300,167.62
2008-04-16,166.15,169.17,165.91,169.05,9340800,164.65
2008-04-15,165.06,165.95,161.68,164.20,9134700,159.92
2008-04-14,166.45,167.55,163.35,163.59,9857900,159.33
2008-04-11,168.00,171.87,166.87,167.30,11355300,162.94
2008-04-10,173.90,173.90,168.87,170.55,14744400,166.11
2008-04-09,178.25,178.90,173.15,174.14,11425400,169.60
2008-04-08,177.30,181.50,176.76,178.90,8629400,174.24
2008-04-07,178.56,181.75,176.93,178.73,10276200,174.07
2008-04-04,176.55,179.33,174.00,175.40,8496700,170.83
2008-04-03,174.79,179.15,172.88,176.53,10755800,171.93
2008-04-02,177.00,181.62,176.10,176.87,12058300,172.26
2008-04-01,171.49,176.99,170.21,176.86,14694100,172.25
2008-03-31,164.17,168.49,162.85,165.39,8977400,161.08
2008-03-28,169.57,170.50,163.39,164.45,11978700,160.17
2008-03-27,176.61,177.24,167.38,168.14,15195800,163.76
2008-03-26,178.49,179.05,174.33,175.48,11610600,170.91
2008-03-25,177.51,182.65,177.14,179.63,11666800,174.95
2008-03-24,179.00,184.52,176.15,178.88,15643700,174.22
2008-03-20,166.30,180.36,166.21,179.63,20801800,174.95
2008-03-19,177.94,178.46,165.40,166.49,24176100,162.15
2008-03-18,164.96,175.88,159.76,175.59,43276100,171.02
2008-03-17,142.03,154.12,140.27,151.02,38648800,147.09
2008-03-14,167.00,167.80,155.00,156.86,27102300,152.77
2008-03-13,160.44,167.30,156.76,165.44,18617600,161.13
2008-03-12,164.03,170.06,162.61,163.01,14444900,158.76
2008-03-11,161.90,164.84,157.50,163.07,20415300,158.82
2008-03-10,159.99,164.78,155.23,155.58,13725600,151.53
2008-03-07,157.00,163.32,157.00,160.07,15228600,155.90
2008-03-06,162.95,163.59,158.13,158.65,15129200,154.52
2008-03-05,163.91,168.31,162.67,164.97,13270000,160.67
2008-03-04,163.61,166.44,160.20,163.60,17887900,159.34
2008-03-03,169.29,169.29,164.31,165.08,11920800,160.78
2008-02-29,174.39,175.54,169.00,169.63,11113300,165.21
2008-02-28,180.28,180.28,175.57,176.70,8828200,172.10
2008-02-27,171.84,181.28,171.51,180.80,15903400,176.09
2008-02-26,175.48,178.00,171.87,172.70,11517900,168.20
2008-02-25,175.35,178.00,172.07,177.36,12849200,172.74
2008-02-22,175.55,178.00,171.39,177.71,9631400,173.08
2008-02-21,178.50,179.20,174.72,175.17,8204800,170.61
2008-02-20,171.97,178.85,171.82,177.25,10793700,172.63
2008-02-19,180.31,181.37,172.68,173.80,10366600,169.27
2008-02-15,175.10,178.79,173.37,178.41,12449300,173.76
2008-02-14,178.50,181.10,176.50,176.56,10996700,171.96
2008-02-13,180.29,181.73,176.50,180.18,13933900,175.49
2008-02-12,186.18,186.25,178.50,180.65,18397200,175.94
2008-02-11,187.87,190.00,185.50,185.87,8875800,181.03
2008-02-08,189.00,190.64,185.70,187.07,7869300,182.20
2008-02-07,185.77,193.77,185.32,190.46,10839200,185.50
2008-02-06,191.48,192.85,186.25,187.17,9955500,182.29
2008-02-05,194.66,197.31,189.61,189.86,13276400,184.91
2008-02-04,207.84,208.00,199.20,200.80,9071300,195.57
2008-02-01,199.15,208.78,198.00,207.78,12207400,202.37
2008-01-31,196.45,203.21,195.00,199.55,14803500,194.35
2008-01-30,195.27,205.97,193.40,198.55,17597900,193.38
2008-01-29,197.04,198.36,194.07,196.05,7164500,190.94
2008-01-28,190.62,196.46,190.62,196.25,10216000,191.14
2008-01-25,201.51,202.00,189.91,191.37,14019500,186.38
2008-01-24,200.10,201.00,194.20,199.20,11987200,193.67
2008-01-23,186.04,199.97,184.59,199.39,17635700,193.85
2008-01-22,178.17,192.83,175.42,190.69,19029400,185.40
2008-01-18,192.17,193.39,184.60,187.21,14975700,182.01
2008-01-17,198.29,199.50,189.66,190.98,12283800,185.68
2008-01-16,193.31,201.78,192.40,197.50,13026600,192.02
2008-01-15,199.55,199.55,192.36,193.29,11292700,187.92
2008-01-14,200.17,202.22,199.03,201.65,9400200,196.05
2008-01-11,196.96,200.68,194.57,198.74,12400600,193.22
2008-01-10,189.35,199.40,187.04,196.91,14830500,191.44
2008-01-09,189.04,192.20,183.70,191.75,15901200,186.43
2008-01-08,195.81,199.50,189.00,189.50,13553700,184.24
2008-01-07,200.23,200.25,189.99,194.73,16044400,189.32
2008-01-04,201.00,204.00,198.29,199.93,10157900,194.38
2008-01-03,208.92,209.04,204.14,204.84,7751700,199.15
2008-01-02,214.80,215.05,206.60,207.60,9573500,201.84
2007-12-31,211.59,216.79,209.50,215.05,5834300,209.08
2007-12-28,214.45,214.77,211.81,211.94,4209500,206.06
2007-12-27,214.88,217.80,211.95,211.95,5304600,206.07
2007-12-26,214.09,217.37,211.55,216.69,4290500,210.67
2007-12-24,211.00,214.95,210.70,214.32,3419400,208.37
2007-12-21,205.85,210.25,205.02,209.60,10853800,203.78
2007-12-20,206.06,206.72,200.65,202.67,10108000,197.04
2007-12-19,202.68,206.10,200.64,204.16,11895100,198.49
2007-12-18,209.80,210.53,196.90,201.51,30016700,195.92
2007-12-17,209.76,211.81,207.00,208.63,13323900,202.84
2007-12-14,208.74,215.20,207.70,210.67,10348500,204.82
2007-12-13,209.85,214.24,204.94,208.48,17143300,202.69
2007-12-12,217.05,220.85,208.50,212.58,18041100,206.68
2007-12-11,224.11,227.45,210.69,211.15,12783500,205.29
2007-12-10,219.19,224.31,218.01,224.21,8412400,217.99
2007-12-07,223.01,224.04,217.03,217.89,7797700,211.84
2007-12-06,214.50,223.35,214.29,222.51,9987100,216.33
2007-12-05,219.46,220.00,214.23,218.26,12954700,212.20
2007-12-04,221.06,223.46,215.22,215.22,10734100,209.24
2007-12-03,226.09,229.35,223.60,226.89,6800300,220.59
2007-11-30,232.65,234.22,224.77,226.64,11878600,220.35
2007-11-29,226.02,228.31,222.50,224.38,9774200,218.15
2007-11-28,217.58,227.86,217.08,227.52,15710600,221.20
2007-11-27,210.00,213.98,206.19,213.33,11946400,207.41
2007-11-26,214.65,217.45,205.42,207.45,9815200,201.69
2007-11-23,212.52,216.48,211.80,216.48,4737100,210.47
2007-11-21,213.41,215.27,206.44,209.50,14874300,203.68
2007-11-20,220.40,226.23,213.50,217.48,13433000,211.44
2007-11-19,223.52,228.40,216.62,220.54,11007900,214.42
2007-11-16,228.26,229.57,222.57,225.25,10083400,219.00
2007-11-15,230.11,233.69,223.74,227.02,10224600,220.72
2007-11-14,239.75,240.05,231.04,233.31,13919000,226.83
2007-11-13,220.94,233.04,218.34,233.04,17393800,226.57
2007-11-12,210.90,221.19,208.24,214.71,14406900,208.75
2007-11-09,202.57,218.59,202.57,211.33,16979700,205.46
2007-11-08,213.67,218.00,201.57,209.94,20301400,204.11
2007-11-07,218.90,221.79,213.16,214.18,13210300,208.23
2007-11-06,221.74,224.07,213.59,223.16,15570500,216.96
2007-11-05,220.00,224.90,212.80,218.39,21377900,212.33
2007-11-02,241.80,241.80,223.44,229.60,25177900,223.23
2007-11-01,243.55,244.41,238.75,240.21,12579000,233.54
2007-10-31,240.36,250.70,240.00,247.92,14384600,241.04
2007-10-30,241.25,246.40,239.45,240.33,10453400,233.66
2007-10-29,236.22,244.98,235.07,243.81,9892400,237.04
2007-10-26,232.86,236.99,229.36,235.92,9389300,229.37
2007-10-25,224.11,230.00,221.81,226.66,12088700,220.37
2007-10-24,222.76,225.82,215.80,225.12,12650800,218.53
2007-10-23,223.63,225.87,220.91,223.76,8176600,217.21
2007-10-22,216.52,224.25,213.00,222.18,12163500,215.68
2007-10-19,226.15,227.47,217.60,217.69,13106800,211.32
2007-10-18,224.90,228.31,224.22,227.85,6499200,221.18
2007-10-17,228.25,230.48,223.08,227.62,9189000,220.96
2007-10-16,227.76,228.00,223.20,224.83,7415500,218.25
2007-10-15,233.25,234.31,227.42,229.34,7024200,222.63
2007-10-12,230.67,234.20,229.73,233.56,6544800,226.72
2007-10-11,239.02,239.02,226.05,229.01,12887100,222.31
2007-10-10,237.11,239.03,234.90,235.94,9685200,229.03
2007-10-09,227.80,239.70,226.20,239.20,15123700,232.20
2007-10-08,227.51,229.35,226.26,226.96,4142600,220.32
2007-10-05,227.11,229.72,225.96,228.50,7327700,221.81
2007-10-04,227.55,229.25,223.89,225.95,10039900,219.34
2007-10-03,226.25,230.63,225.67,227.35,10121400,220.69
2007-10-02,223.25,228.50,222.11,228.02,9419800,221.34
2007-10-01,215.41,223.62,215.40,222.98,9905600,216.45
2007-09-28,215.76,218.67,215.25,216.74,6156400,210.40
2007-09-27,215.45,218.38,214.19,216.78,8330100,210.43
2007-09-26,212.42,216.27,210.80,214.61,10681000,208.33
2007-09-25,209.00,213.07,208.81,210.90,11727900,204.73
2007-09-24,210.99,214.90,207.71,210.43,13439800,204.27
2007-09-21,205.56,210.35,203.53,209.98,18187700,203.83
2007-09-20,210.94,211.00,203.44,203.53,27435100,197.57
2007-09-19,203.49,207.00,203.00,205.50,23115400,199.48
2007-09-18,190.80,200.76,187.41,200.50,22107700,194.63
2007-09-17,189.00,189.50,186.34,187.61,7751300,182.12
2007-09-14,186.95,191.00,185.59,190.59,9337600,185.01
2007-09-13,183.75,196.04,183.72,188.47,11292300,182.95
2007-09-12,183.14,184.25,181.70,182.53,7737700,177.19
2007-09-11,185.50,187.00,182.50,183.50,11334500,178.13
2007-09-10,180.50,186.07,178.50,183.61,12989300,178.23
2007-09-07,176.60,181.05,175.00,178.98,15144300,173.74
2007-09-06,178.50,179.71,175.36,179.18,9250600,173.93
2007-09-05,179.68,179.79,176.90,177.81,8987600,172.60
2007-09-04,176.18,183.70,176.18,180.80,10161800,175.51
2007-08-31,175.65,178.10,173.87,176.01,11023700,170.86
2007-08-30,169.96,173.43,169.79,171.38,9559600,166.36
2007-08-29,172.38,174.45,167.92,173.72,12797500,168.63
2007-08-28,175.01,176.13,170.25,170.95,11610600,165.95
2007-08-27,179.33,180.05,177.26,177.95,6664000,172.74
2007-08-24,176.77,180.26,175.60,179.73,8935300,174.47
2007-08-23,179.79,180.88,175.92,177.50,10549400,172.30
2007-08-22,177.52,180.05,174.29,177.89,13427000,172.68
2007-08-21,172.50,177.30,170.00,175.48,11796100,170.34
2007-08-20,176.02,176.39,170.12,172.76,13174400,167.70
2007-08-17,178.12,180.86,170.50,175.00,26741100,169.88
2007-08-16,163.10,171.41,157.38,169.85,31328800,164.88
2007-08-15,169.00,173.52,163.83,164.90,22268000,160.07
2007-08-14,178.60,178.78,169.00,169.75,26255900,164.78
2007-08-13,185.01,187.25,176.61,177.50,15296400,172.30
2007-08-10,178.65,184.41,175.57,180.50,20278700,175.22
2007-08-09,186.16,190.65,180.79,182.25,20868400,176.91
2007-08-08,192.04,198.50,188.76,193.30,20622000,187.64
2007-08-07,186.58,194.64,185.39,191.25,22763100,185.65
2007-08-06,179.20,187.86,175.00,187.79,18867300,182.29
2007-08-03,185.41,186.84,179.68,179.68,19828300,174.42
2007-08-02,189.15,192.48,185.00,187.46,13133400,181.97
2007-08-01,187.03,189.10,182.85,189.00,16282600,183.47
2007-07-31,198.55,198.99,187.25,188.34,14744900,182.83
2007-07-30,194.52,197.60,192.45,195.74,12195100,190.01
2007-07-27,194.67,196.84,190.51,192.65,17054700,187.01
2007-07-26,198.00,199.89,189.00,195.12,22690900,189.07
2007-07-25,199.80,203.75,197.78,203.16,13933200,196.86
2007-07-24,202.63,204.56,196.77,198.15,12344500,192.00
2007-07-23,207.16,207.88,204.07,205.04,7760400,198.68
2007-07-20,211.17,211.97,204.79,205.94,14540900,199.55
2007-07-19,217.08,217.50,210.03,211.69,9461900,205.12
2007-07-18,216.03,218.52,212.34,214.99,11664000,208.32
2007-07-17,221.74,222.12,218.65,219.40,5582200,212.60
2007-07-16,221.87,223.45,219.46,220.40,4654500,213.56
2007-07-13,220.06,222.82,219.20,222.18,5605300,215.29
2007-07-12,218.47,220.29,216.72,220.29,6072900,213.46
2007-07-11,216.98,219.00,214.65,216.72,8924700,210.00
2007-07-10,220.99,222.70,216.52,217.08,7960500,210.35
2007-07-09,223.02,225.77,222.51,223.30,3998900,216.37
2007-07-06,220.76,224.22,220.70,223.64,4122400,216.70
2007-07-05,224.29,224.29,221.20,221.32,5385600,214.46
2007-07-03,220.34,224.90,219.99,224.55,4676800,217.59
2007-07-02,217.50,219.65,216.00,219.18,5019900,212.38
2007-06-29,219.55,220.44,213.69,216.75,7853800,210.03
2007-06-28,219.75,221.47,217.67,218.96,5980200,212.17
2007-06-27,214.00,219.80,212.56,219.33,9018600,212.53
2007-06-26,217.70,219.36,214.17,214.17,9711500,207.53
2007-06-25,221.11,223.17,215.05,216.74,11566700,210.02
2007-06-22,226.50,226.79,220.27,222.40,9778800,215.50
2007-06-21,225.98,226.90,222.20,226.90,8340800,219.86
2007-06-20,229.75,230.33,225.72,225.89,5831400,218.88
2007-06-19,226.16,229.57,225.49,229.47,4580200,222.35
2007-06-18,226.55,227.54,224.80,226.97,4370200,219.93
2007-06-15,227.33,228.47,226.00,226.19,7430400,219.17
2007-06-14,227.71,229.30,225.01,225.75,14381600,218.75
2007-06-13,229.00,233.64,228.00,233.64,7359000,226.39
2007-06-12,226.90,231.12,225.58,227.85,7474500,220.78
2007-06-11,225.60,227.57,224.13,227.16,4285600,220.11
2007-06-08,220.10,225.07,218.75,225.06,5903000,218.08
2007-06-07,226.29,227.42,219.34,220.05,8363600,213.23
2007-06-06,227.77,227.94,224.85,227.35,4411400,220.30
2007-06-05,229.36,230.33,228.25,229.36,3676600,222.25
2007-06-04,230.00,230.65,227.94,229.71,3411600,222.59
2007-06-01,232.08,232.89,229.59,230.71,4093200,223.55
2007-05-31,232.21,233.97,230.09,230.82,4578100,223.66
2007-05-30,226.25,232.00,225.60,232.00,5393000,224.80
2007-05-29,226.25,228.90,226.03,228.44,3734700,221.35
2007-05-25,226.81,226.95,224.19,225.53,4068800,218.54
2007-05-24,229.37,230.75,225.05,225.68,6211000,218.68
2007-05-23,231.70,232.41,228.43,228.54,4276600,221.45
2007-05-22,229.79,231.66,228.75,230.71,3568400,223.55
2007-05-21,230.65,231.69,228.56,229.23,7778600,222.12
2007-05-18,228.55,231.22,227.95,230.34,6726900,223.20
2007-05-17,226.75,227.93,225.25,227.38,4185200,220.33
2007-05-16,225.59,227.96,224.52,227.11,5161400,220.07
2007-05-15,226.19,228.33,224.26,224.38,5771800,217.42
2007-05-14,228.03,229.00,225.35,226.18,4761900,219.16
2007-05-11,223.91,227.55,223.60,227.50,4956100,220.44
2007-05-10,225.50,226.98,222.95,223.10,4963100,216.18
2007-05-09,224.95,227.68,223.35,226.57,5195100,219.54
2007-05-08,225.92,225.99,222.96,224.95,4879700,217.97
2007-05-07,227.00,229.90,225.60,227.22,4637000,220.17
2007-05-04,222.60,227.34,221.43,227.34,5632300,220.29
2007-05-03,220.39,221.93,218.55,221.56,4414600,214.69
2007-05-02,218.00,221.92,217.45,219.49,4859500,212.68
2007-05-01,219.08,219.91,215.35,218.58,6295500,211.80
2007-04-30,224.36,224.98,218.48,218.61,5484500,211.83
2007-04-27,224.05,225.71,222.99,224.28,3597400,217.32
2007-04-26,225.90,226.61,224.17,224.81,4730800,217.84
2007-04-25,221.90,226.05,220.10,225.60,7627000,218.60
2007-04-24,222.75,223.24,218.71,220.72,6724800,213.87
2007-04-23,221.00,223.98,220.48,222.42,5816300,215.52
2007-04-20,221.23,222.19,218.37,220.00,7393900,213.18
2007-04-19,215.34,221.71,214.80,219.29,8880000,212.15
2007-04-18,214.10,218.54,213.97,216.75,6077200,209.69
2007-04-17,215.15,216.87,213.54,214.90,6064400,207.90
2007-04-16,208.24,215.23,208.12,214.52,10003000,207.53
2007-04-13,207.95,207.95,205.61,206.50,4320400,199.78
2007-04-12,206.25,207.52,205.39,207.05,3946200,200.31
2007-04-11,208.70,208.87,206.61,206.93,5550400,200.19
2007-04-10,208.30,209.81,208.21,209.05,3002700,202.24
2007-04-09,208.57,209.87,207.45,208.94,3610500,202.14
2007-04-05,208.50,208.50,207.41,207.93,3010800,201.16
2007-04-04,209.45,209.95,208.21,208.79,4141600,201.99
2007-04-03,207.00,209.75,206.47,209.75,5015300,202.92
2007-04-02,207.67,207.68,203.29,205.65,5797000,198.95
2007-03-30,207.44,209.03,204.70,206.63,5177000,199.90
2007-03-29,208.09,208.89,206.30,207.20,6380800,200.45
2007-03-28,208.21,208.67,206.19,206.76,7991200,200.03
2007-03-27,211.01,211.73,209.74,209.87,4806100,203.04
2007-03-26,212.01,212.22,209.30,211.73,6525100,204.84
2007-03-23,210.06,211.89,209.71,211.89,5106800,204.99
2007-03-22,211.70,211.75,209.29,210.08,8016100,203.24
2007-03-21,205.34,211.51,204.16,210.95,10934100,204.08
2007-03-20,202.49,204.43,202.00,204.00,6641900,197.36
2007-03-19,201.32,202.50,200.44,202.44,8186200,195.85
2007-03-16,200.79,201.05,198.27,199.00,10875200,192.52
2007-03-15,200.00,202.37,199.50,200.89,9741600,194.35
2007-03-14,200.00,202.16,197.54,200.15,20394300,193.63
2007-03-13,204.96,208.56,198.52,199.03,31973100,192.55
2007-03-12,200.00,202.89,198.86,202.60,9623200,196.00
2007-03-09,202.95,202.99,198.86,201.70,7676900,195.13
2007-03-08,198.03,202.02,198.00,199.94,10789400,193.43
2007-03-07,197.48,199.00,195.50,195.59,8459500,189.22
2007-03-06,193.90,198.20,193.70,197.37,10796300,190.94
2007-03-05,193.55,197.49,189.85,190.00,13391800,183.81
2007-03-02,198.20,200.92,195.59,195.67,9842200,189.30
2007-03-01,197.12,202.70,194.08,199.66,14141300,193.16
2007-02-28,200.40,203.85,197.79,201.75,15940000,195.18
2007-02-27,209.75,210.40,194.65,196.00,18817600,189.62
2007-02-26,217.99,218.37,212.66,214.00,5552700,207.03
2007-02-23,219.16,219.80,215.55,216.50,5507400,209.45
2007-02-22,221.00,222.75,218.00,218.97,4273400,211.84
2007-02-21,219.25,221.50,218.16,220.15,5225500,212.98
2007-02-20,218.33,221.90,215.97,220.94,6225500,213.75
2007-02-16,215.96,217.50,215.02,216.92,3118500,209.86
2007-02-15,217.94,218.84,216.41,216.82,3627200,209.76
2007-02-14,213.70,219.10,212.79,217.40,7696400,210.32
2007-02-13,211.98,213.30,210.47,212.53,4022000,205.61
2007-02-12,213.75,214.00,209.87,211.13,5384400,204.26
2007-02-09,215.77,219.26,210.58,213.28,9109300,206.34
2007-02-08,212.09,215.21,209.81,213.90,5410500,206.94
2007-02-07,215.03,215.85,213.10,213.55,3621700,206.60
2007-02-06,213.29,215.86,212.70,214.65,3803100,207.66
2007-02-05,213.30,213.72,211.50,212.55,2995700,205.63
2007-02-02,211.00,213.90,211.00,213.43,3527000,206.48
2007-02-01,213.44,213.90,209.73,212.00,5734500,205.10
2007-01-31,208.30,212.75,207.29,212.16,7235100,205.25
2007-01-30,211.08,212.31,208.37,208.78,6001000,201.98
2007-01-29,213.90,215.08,210.13,211.04,5890700,204.17
2007-01-26,214.56,214.90,210.60,213.50,7458200,206.55
2007-01-25,219.83,220.51,212.51,213.07,7853800,206.13
2007-01-24,213.51,220.17,213.03,220.10,6386800,212.93
2007-01-23,212.82,213.42,210.65,212.64,6293400,205.72
2007-01-22,211.09,213.25,209.60,212.97,4980700,206.04
2007-01-19,209.08,211.44,208.84,210.29,5333700,203.44
2007-01-18,213.75,214.81,209.10,209.68,6541600,202.51
2007-01-17,212.20,214.09,210.85,213.23,5306300,205.94
2007-01-16,210.85,215.13,210.85,213.59,5846600,206.29
2007-01-12,210.90,214.22,210.40,213.99,6618900,206.68
2007-01-11,208.34,213.17,207.60,211.88,9039400,204.64
2007-01-10,203.40,208.44,201.50,208.11,8025700,201.00
2007-01-09,203.54,204.90,202.00,204.08,7147100,197.11
2007-01-08,199.05,203.95,198.10,203.73,7851000,196.77
2007-01-05,198.43,200.00,197.90,199.05,5892900,192.25
2007-01-04,200.22,200.67,198.07,198.85,6460200,192.05
2007-01-03,200.60,203.32,197.82,200.72,6494900,193.86
2006-12-29,200.93,202.40,199.32,199.35,2762500,192.54
2006-12-28,202.33,202.48,199.76,200.80,2395600,193.94
2006-12-27,199.86,202.29,199.72,201.95,2887200,195.05
2006-12-26,198.90,200.60,198.29,199.86,2575600,193.03
2006-12-22,199.10,199.15,195.66,198.09,3500600,191.32
2006-12-21,202.36,202.69,197.70,198.10,4661800,191.33
2006-12-20,201.79,204.31,201.24,201.37,4336800,194.49
2006-12-19,201.98,202.67,200.43,201.24,4865700,194.36
2006-12-18,200.50,203.59,199.64,203.24,6018800,196.29
2006-12-15,200.61,201.95,199.80,199.84,5451400,193.01
2006-12-14,199.20,200.80,197.63,200.13,5081500,193.29
2006-12-13,200.72,201.78,198.00,198.31,5823000,191.53
2006-12-12,200.21,203.85,198.44,200.00,8926200,193.16
2006-12-11,205.50,205.50,201.84,202.52,5905800,195.60
2006-12-08,200.24,205.26,200.00,205.10,4968600,198.09
2006-12-07,206.70,206.70,200.00,200.20,5237500,193.36
2006-12-06,202.00,205.05,201.00,205.00,4133200,197.99
2006-12-05,199.70,202.25,198.21,201.61,3733000,194.72
2006-12-04,195.65,200.08,195.39,200.05,4259100,193.21
2006-12-01,195.70,196.43,191.52,194.50,4820900,187.85
2006-11-30,195.98,196.45,193.18,194.80,4082500,188.14
2006-11-29,197.99,199.45,193.06,196.22,5915000,189.51
2006-11-28,193.00,197.49,191.50,197.12,5864900,190.38
2006-11-27,201.35,202.10,193.11,193.11,6328200,186.51
2006-11-24,200.23,203.35,199.15,201.60,1978600,194.71
2006-11-22,200.00,202.47,199.99,202.29,3057200,195.38
2006-11-21,199.00,199.89,198.29,199.76,3447600,192.93
2006-11-20,195.35,198.11,195.03,197.45,3344800,190.70
2006-11-17,195.98,197.00,194.88,195.04,3397300,188.37
2006-11-16,194.00,196.80,194.00,196.72,4784000,190.00
2006-11-15,190.37,194.32,189.84,193.11,5090900,186.51
2006-11-14,188.40,190.94,185.40,190.36,4702800,183.85
2006-11-13,187.65,189.80,187.23,187.73,3382300,181.31
2006-11-10,185.46,187.07,184.60,187.06,3319800,180.67
2006-11-09,188.40,189.00,184.78,184.78,4488400,178.46
2006-11-08,187.65,189.92,186.50,188.77,3989800,182.32
2006-11-07,190.20,191.42,188.56,188.68,3697900,182.23
2006-11-06,187.68,191.70,187.68,190.00,4639000,183.51
2006-11-03,188.90,188.95,185.30,187.13,4153100,180.73
2006-11-02,184.51,187.79,182.70,187.39,6191000,180.99
2006-11-01,191.00,192.21,184.75,185.00,7731800,178.68
2006-10-31,190.00,191.02,188.88,189.79,4548300,183.30
2006-10-30,188.00,190.55,186.70,189.75,5354900,183.26
2006-10-27,192.01,193.23,188.39,188.67,5703200,182.22
2006-10-26,189.18,193.60,188.29,193.38,5732100,186.77
2006-10-25,188.64,189.69,187.16,188.61,5224400,182.16
2006-10-24,184.52,188.25,184.40,187.84,5516100,181.42
2006-10-23,180.23,184.87,180.21,184.70,4695800,178.39
2006-10-20,179.72,180.69,178.85,180.40,4206600,174.23
2006-10-19,181.25,182.63,179.90,180.05,5560400,173.90
2006-10-18,184.07,184.65,181.85,182.97,6127000,176.38
2006-10-17,184.22,184.71,182.14,183.07,5867200,176.48
2006-10-16,183.82,185.48,183.09,185.22,4699100,178.55
2006-10-13,181.21,183.96,180.65,183.85,5163300,177.23
2006-10-12,179.27,181.92,178.61,181.51,5754200,174.97
2006-10-11,177.30,178.97,176.75,178.97,5615300,172.52
2006-10-10,177.05,179.85,176.79,178.86,6559900,172.42
2006-10-09,175.40,177.49,175.32,177.45,3985500,171.06
2006-10-06,174.32,176.00,173.80,175.65,4898200,169.32
2006-10-05,176.52,176.52,174.69,175.50,5749400,169.18
2006-10-04,173.31,176.66,173.31,176.56,8069400,170.20
2006-10-03,170.44,174.40,170.10,174.20,5823500,167.92
2006-10-02,168.51,171.45,168.51,170.69,4143700,164.54
2006-09-29,170.05,171.15,169.10,169.17,4394400,163.08
2006-09-28,168.95,170.00,167.80,170.00,4413800,163.88
2006-09-27,168.93,169.90,167.25,169.00,5185300,162.91
2006-09-26,167.94,169.92,167.02,168.68,6095300,162.60
2006-09-25,167.90,169.42,167.00,168.69,4780000,162.61
2006-09-22,166.95,168.33,165.76,167.52,5103900,161.49
2006-09-21,167.50,169.69,165.86,167.15,8052600,161.13
2006-09-20,164.63,167.16,164.23,166.60,6403800,160.60
2006-09-19,163.08,164.22,162.31,163.39,4851400,157.50
2006-09-18,162.02,164.80,162.00,163.22,5733300,157.34
2006-09-15,162.50,163.75,161.52,162.71,6845100,156.85
2006-09-14,159.75,163.18,159.52,162.52,5496800,156.67
2006-09-13,157.70,162.26,156.81,160.86,7605900,155.07
2006-09-12,154.75,159.75,154.71,158.29,10644400,152.59
2006-09-11,149.25,151.23,149.15,151.00,3134200,145.56
2006-09-08,151.00,151.00,147.52,149.80,3277400,144.40
2006-09-07,150.10,150.68,148.35,148.57,3577600,143.22
2006-09-06,150.65,151.44,149.92,150.67,2962200,145.24
2006-09-05,149.75,151.51,149.05,151.28,3576000,145.83
2006-09-01,148.70,149.43,147.13,149.14,3453100,143.77
2006-08-31,147.07,148.75,147.07,148.65,2834300,143.29
2006-08-30,147.20,147.76,146.42,147.06,2938000,141.76
2006-08-29,149.60,149.79,145.66,147.09,4939600,141.79
2006-08-28,148.25,150.54,147.88,149.53,4151000,144.14
2006-08-25,150.69,151.42,149.75,150.07,2476200,144.66
2006-08-24,153.55,153.60,150.75,151.40,3100000,145.95
2006-08-23,153.41,154.75,152.15,152.70,2811300,147.20
2006-08-22,154.36,155.01,153.05,154.15,3696600,148.60
2006-08-21,153.16,154.25,151.64,153.83,3731200,148.29
2006-08-18,154.45,154.75,153.00,154.68,2742100,149.11
2006-08-17,153.90,156.87,153.85,154.45,3365700,148.89
2006-08-16,153.95,155.05,152.72,154.99,3563900,149.41
2006-08-15,152.38,153.99,151.21,152.65,4907000,147.15
2006-08-14,152.48,153.01,149.43,150.37,3110900,144.95
2006-08-11,152.35,152.87,149.99,151.11,2576500,145.67
2006-08-10,149.50,152.12,148.50,151.63,3782100,146.17
2006-08-09,153.50,153.75,149.60,150.01,4234300,144.61
2006-08-08,152.65,155.40,150.49,151.45,6199900,145.99
2006-08-07,152.12,154.85,151.76,152.65,3029800,147.15
2006-08-04,154.00,156.29,152.17,152.99,4892300,147.48
2006-08-03,148.75,153.15,148.47,152.10,3854000,146.62
2006-08-02,150.26,150.50,147.54,149.90,6139300,144.50
2006-08-01,151.63,151.74,149.59,151.26,3468500,145.81
2006-07-31,151.60,153.73,150.66,152.75,4370000,147.25
2006-07-28,149.65,152.35,149.33,151.72,4752200,146.25
2006-07-27,148.70,149.63,147.59,148.26,4085900,142.92
2006-07-26,147.50,148.82,146.69,147.38,3326000,142.07
2006-07-25,146.90,149.67,145.34,148.49,4984000,143.14
2006-07-24,143.30,147.50,143.06,146.90,4610700,141.61
2006-07-21,145.05,145.06,141.80,142.04,4682400,136.92
2006-07-20,146.70,147.80,145.00,145.18,4264500,139.61
2006-07-19,142.70,147.85,142.70,146.97,6079400,141.33
2006-07-18,140.62,142.48,139.90,142.34,5874300,136.88
2006-07-17,140.10,142.27,139.20,140.87,4528700,135.47
2006-07-14,143.10,143.50,138.97,140.10,5659400,134.73
2006-07-13,144.03,145.20,142.10,142.55,6116700,137.08
2006-07-12,148.70,149.23,145.07,145.27,4300100,139.70
2006-07-11,148.40,149.00,146.55,148.67,3817200,142.97
2006-07-10,149.25,150.41,148.16,148.85,2946100,143.14
2006-07-07,150.01,150.50,148.44,148.51,3618700,142.81
2006-07-06,152.29,152.30,150.20,150.58,3441000,144.81
2006-07-05,151.70,151.70,150.00,150.95,4478600,145.16
2006-07-03,151.93,152.79,151.34,152.45,3250500,146.60
2006-06-30,152.20,152.72,149.50,150.43,5973300,144.66
2006-06-29,148.10,152.20,146.35,152.20,6656800,146.36
2006-06-28,147.41,148.50,145.07,146.49,4907100,140.87
2006-06-27,149.05,150.89,147.16,147.16,3666400,141.52
2006-06-26,148.92,149.95,148.10,149.90,3799600,144.15
2006-06-23,147.85,149.40,147.21,147.92,3488000,142.25
2006-06-22,149.71,150.50,146.95,148.31,4402000,142.62
2006-06-21,145.77,150.32,145.50,149.83,7645900,144.08
2006-06-20,144.65,145.99,143.59,145.26,5808700,139.69
2006-06-19,144.98,145.75,142.95,143.75,6517300,138.24
2006-06-16,143.30,144.59,142.61,144.00,6368000,138.48
2006-06-15,140.40,145.19,140.07,144.12,10870200,138.59
2006-06-14,139.75,141.76,136.79,138.50,10541300,133.19
2006-06-13,144.50,145.50,138.01,139.25,15679700,133.91
2006-06-12,150.30,150.72,145.00,145.00,5860300,139.44
2006-06-09,151.00,152.10,148.99,149.89,4407300,144.14
2006-06-08,148.80,150.67,144.50,149.76,7885500,144.02
2006-06-07,149.25,152.53,148.30,149.95,4319900,144.20
2006-06-06,151.39,152.06,147.50,149.24,6562400,143.52
2006-06-05,154.95,156.29,149.85,150.40,5400000,144.63
2006-06-02,155.50,157.00,153.60,154.09,4253400,148.18
2006-06-01,150.92,153.59,150.19,153.55,4206200,147.66
2006-05-31,151.30,152.39,149.15,150.95,5262200,145.16
2006-05-30,151.00,151.95,149.25,149.83,5217200,144.08
2006-05-26,150.00,152.94,149.47,152.94,5749700,147.08
2006-05-25,145.20,147.32,144.68,147.32,5611300,141.67
2006-05-24,143.65,145.59,140.42,143.92,8759600,138.40
2006-05-23,148.05,148.88,143.70,143.70,5606600,138.19
2006-05-22,148.51,148.51,143.34,146.15,8472600,140.55
2006-05-19,148.30,150.45,146.75,149.41,6502500,143.68
2006-05-18,149.36,150.25,146.25,147.03,6076200,141.39
2006-05-17,150.85,151.15,147.00,148.21,7477600,142.53
2006-05-16,153.60,155.11,150.62,152.70,4016000,146.84
2006-05-15,154.60,157.00,151.11,153.14,6119200,147.27
2006-05-12,158.75,159.70,156.07,156.11,4579300,150.12
2006-05-11,164.38,164.49,158.60,159.28,3639600,153.17
2006-05-10,164.85,165.41,162.05,164.09,3215800,157.80
2006-05-09,163.75,166.26,163.70,165.75,2615300,159.39
2006-05-08,164.39,166.55,162.20,163.53,2395700,157.26
2006-05-05,159.75,164.60,159.69,164.39,3737500,158.09
2006-05-04,159.16,160.33,158.00,158.04,2554600,151.98
2006-05-03,159.50,159.85,157.75,159.15,2521000,153.05
2006-05-02,157.60,160.00,157.12,158.83,3710700,152.74
2006-05-01,160.30,161.67,156.08,156.45,5652300,150.45
2006-04-28,163.81,164.89,158.65,160.29,5349000,154.14
2006-04-27,163.35,165.79,162.10,163.97,4063900,157.68
2006-04-26,163.50,164.65,162.20,163.40,3032600,157.13
2006-04-25,165.35,165.60,161.76,162.80,3361400,156.56
2006-04-24,165.50,166.27,163.50,165.35,3431400,159.01
2006-04-21,168.62,168.66,165.32,165.89,3591500,159.53
2006-04-20,166.06,169.31,166.06,168.55,4893900,161.75
2006-04-19,164.55,167.57,163.60,167.05,4670400,160.31
2006-04-18,162.75,166.18,161.32,165.55,4828300,158.87
2006-04-17,160.25,163.21,160.00,161.94,3381700,155.41
2006-04-13,158.45,159.69,158.20,159.43,2217100,153.00
2006-04-12,159.63,160.30,158.40,159.52,3404000,153.08
2006-04-11,163.00,163.30,158.51,159.15,4962800,152.73
2006-04-10,162.50,164.05,161.45,162.46,4470700,155.91
2006-04-07,162.04,163.16,159.89,161.02,4964100,154.52
2006-04-06,160.07,162.07,160.07,162.04,4180900,155.50
2006-04-05,160.50,161.92,160.00,160.75,4191500,154.26
2006-04-04,158.12,161.36,158.12,161.00,5088800,154.50
2006-04-03,157.99,159.88,156.92,158.12,3979800,151.74
2006-03-31,157.00,158.38,156.25,156.96,3298400,150.63
2006-03-30,157.73,159.63,155.71,156.81,4771000,150.48
2006-03-29,154.90,157.57,154.84,156.90,4458100,150.57
2006-03-28,155.01,157.82,154.16,154.16,6481600,147.94
2006-03-27,152.13,155.36,152.13,155.00,4314600,148.75
2006-03-24,151.68,152.57,150.88,152.17,2651700,146.03
2006-03-23,151.17,151.96,150.45,151.67,3852700,145.55
2006-03-22,148.30,152.36,148.30,151.82,3770800,145.69
2006-03-21,151.61,152.00,149.01,149.40,4460600,143.37
2006-03-20,150.05,152.66,149.80,152.18,4896800,146.04
2006-03-17,148.25,151.54,148.03,150.36,6670000,144.29
2006-03-16,149.10,149.69,147.45,147.69,6025800,141.73
2006-03-15,148.30,149.64,147.59,149.00,7557100,142.99
2006-03-14,145.92,149.50,145.62,149.42,11360100,143.39
2006-03-13,141.55,142.95,139.18,140.72,4945700,135.04
2006-03-10,141.63,142.45,140.15,141.53,3247000,135.82
2006-03-09,142.66,143.40,141.20,141.70,2262100,135.98
2006-03-08,143.55,144.67,141.26,142.49,3633100,136.74
2006-03-07,144.37,144.46,143.17,144.28,2775400,138.46
2006-03-06,146.54,147.08,144.31,145.02,2900600,139.17
2006-03-03,143.50,147.48,143.10,146.00,4042700,140.11
2006-03-02,143.07,144.86,142.24,144.00,2902300,138.19
2006-03-01,141.98,143.74,141.56,143.15,2989900,137.37
2006-02-28,143.60,144.16,141.11,141.29,3911700,135.59
2006-02-27,144.81,145.25,143.34,143.82,2282200,138.02
2006-02-24,143.05,145.40,143.05,144.16,2314700,138.34
2006-02-23,145.61,145.61,143.79,143.96,2457400,138.15
2006-02-22,143.45,145.53,143.23,145.53,2664200,139.66
2006-02-21,145.56,145.75,143.01,143.45,2539800,137.66
2006-02-17,146.19,146.22,144.06,145.54,2407200,139.67
2006-02-16,146.10,146.35,144.21,145.90,2847300,140.01
2006-02-15,142.00,145.50,141.40,145.14,4330700,139.28
2006-02-14,141.20,142.32,138.77,141.78,3003100,136.06
2006-02-13,139.65,141.80,139.15,139.65,2155200,134.02
2006-02-10,140.67,141.85,137.80,140.81,4433100,135.13
2006-02-09,141.14,142.85,140.49,140.85,3059500,135.17
2006-02-08,140.10,141.93,139.32,141.14,4481400,135.45
2006-02-07,142.35,143.31,139.48,139.48,5207700,133.85
2006-02-06,142.61,144.10,141.60,142.82,3849300,137.06
2006-02-03,141.55,143.12,140.70,142.74,4178900,136.98
2006-02-02,142.27,143.77,141.40,142.52,3711000,136.77
2006-02-01,141.40,142.95,140.43,141.71,3635900,135.99
2006-01-31,139.73,141.86,138.45,141.25,4906200,135.55
2006-01-30,139.55,140.64,138.71,139.87,3168600,134.23
2006-01-27,137.93,139.75,137.10,138.94,3687900,133.33
2006-01-26,133.01,138.36,133.01,137.40,4808200,131.86
2006-01-25,133.65,134.04,132.46,133.56,3740500,128.17
2006-01-24,132.63,134.09,132.34,133.00,3758000,127.63
2006-01-23,131.64,134.18,131.64,132.87,3847900,127.51
2006-01-20,132.85,134.06,131.25,131.44,5679900,126.14
2006-01-19,132.72,134.82,132.71,133.82,5010700,128.18
2006-01-18,131.06,132.68,131.01,132.37,4302700,126.79
2006-01-17,131.00,133.13,130.59,132.59,3621600,127.00
2006-01-13,132.02,133.66,131.90,133.26,2894900,127.64
2006-01-12,131.40,133.21,131.38,132.25,3725500,126.68
2006-01-11,131.45,133.80,131.42,131.97,4671400,126.41
2006-01-10,130.05,132.95,130.02,132.03,5536800,126.47
2006-01-09,128.50,130.62,128.00,130.39,4723500,124.90
2006-01-06,127.29,129.25,127.29,128.84,4319600,123.41
2006-01-05,126.00,127.32,125.61,127.04,3717400,121.69
2006-01-04,127.35,128.91,126.38,127.09,4861600,121.73
2006-01-03,126.70,129.44,124.23,128.87,6188700,123.44
2005-12-30,127.15,128.07,126.70,127.71,1962500,122.33
2005-12-29,127.45,128.74,127.45,128.02,1684500,122.63
2005-12-28,128.30,128.81,127.64,127.98,1809100,122.59
2005-12-27,128.70,129.40,127.83,128.26,2826500,122.86
2005-12-23,127.95,128.47,127.40,128.11,1670200,122.71
2005-12-22,127.55,128.25,126.69,127.99,2437100,122.60
2005-12-21,126.35,128.30,126.11,127.31,3694400,121.95
2005-12-20,124.70,126.23,124.34,125.86,4094300,120.56
2005-12-19,127.30,127.40,124.45,125.13,4217400,119.86
2005-12-16,127.66,127.86,126.11,126.50,5437100,121.17
2005-12-15,128.25,129.60,127.60,128.30,5480900,122.89
2005-12-14,131.08,131.90,129.35,129.63,3471600,124.17
2005-12-13,128.80,131.89,128.51,131.64,3430800,126.09
2005-12-12,130.40,131.02,128.51,130.01,2006300,124.53
2005-12-09,129.15,130.05,128.44,129.66,1878800,124.20
2005-12-08,129.05,130.02,127.76,128.64,3191000,123.22
2005-12-07,130.68,131.10,128.85,129.89,2646300,124.42
2005-12-06,133.95,134.16,130.85,131.31,3019000,125.78
2005-12-05,130.75,133.67,129.42,133.05,2709600,127.44
2005-12-02,130.15,131.76,130.01,131.08,1891400,125.56
2005-12-01,130.50,131.66,129.61,130.28,2497400,124.79
2005-11-30,130.45,131.27,128.44,128.96,3016000,123.53
2005-11-29,132.00,132.43,129.05,130.45,3095500,124.95
2005-11-28,134.30,134.30,130.84,131.10,2759900,125.58
2005-11-25,134.20,134.89,134.03,134.12,808200,128.47
2005-11-23,132.61,134.99,132.61,134.08,3139800,128.43
2005-11-22,131.80,132.99,130.81,132.60,2392300,127.01
2005-11-21,131.25,132.48,130.49,132.41,2084400,126.83
2005-11-18,131.90,131.90,129.81,131.58,2615900,126.04
2005-11-17,128.00,130.41,127.86,130.41,2595400,124.91
2005-11-16,128.35,128.47,126.56,128.18,2538900,122.78
2005-11-15,129.70,129.76,127.06,127.97,2356400,122.58
2005-11-14,130.32,130.32,128.60,129.24,1799300,123.79
2005-11-11,129.45,130.63,129.27,130.00,2134000,124.52
2005-11-10,128.15,130.33,127.78,130.09,3174500,124.61
2005-11-09,127.84,129.73,127.50,128.70,2655400,123.28
2005-11-08,128.35,128.36,127.22,127.52,2944500,122.15
2005-11-07,130.50,131.69,128.67,129.15,3561400,123.71
2005-11-04,129.75,131.18,128.90,130.96,4093400,125.44
2005-11-03,130.00,130.00,128.09,129.20,5002600,123.76
2005-11-02,126.00,129.44,126.00,129.13,4266100,123.69
2005-11-01,126.70,126.89,124.80,126.60,3914900,121.27
2005-10-31,125.00,127.38,124.95,126.37,3816000,121.05
2005-10-28,123.70,124.75,122.59,124.56,3520700,119.31
2005-10-27,123.80,124.90,122.02,122.43,4132200,117.27
2005-10-26,123.25,124.99,122.65,124.25,4170000,119.01
2005-10-25,122.52,124.84,122.32,123.55,5102600,118.34
2005-10-24,119.70,123.47,119.20,123.30,5516500,118.10
2005-10-21,119.80,119.98,118.02,118.77,5417800,113.77
2005-10-20,119.98,122.08,118.71,118.75,9035700,113.75
2005-10-19,116.25,121.33,116.02,121.20,6704500,115.85
2005-10-18,116.55,118.39,116.53,117.09,4139600,111.92
2005-10-17,115.99,117.70,115.93,117.05,4296800,111.89
2005-10-14,114.10,114.87,112.53,114.55,5705300,109.50
2005-10-13,115.20,116.23,110.23,113.18,9109200,108.19
2005-10-12,117.55,118.67,113.53,115.65,6656200,110.55
2005-10-11,119.20,119.79,117.00,117.55,5395400,112.36
2005-10-10,118.00,119.37,117.55,118.51,3388000,113.28
2005-10-07,117.25,118.05,117.20,117.57,3089500,112.38
2005-10-06,117.70,118.56,116.23,116.93,4138300,111.77
2005-10-05,118.92,119.19,116.60,117.75,4382500,112.56
2005-10-04,120.90,121.65,118.70,118.92,3963800,113.67
2005-10-03,121.29,122.36,121.28,121.65,3418100,116.28
2005-09-30,120.89,121.70,120.80,121.58,2643800,116.22
2005-09-29,119.10,121.47,119.03,121.22,4431100,115.87
2005-09-28,120.15,120.87,119.78,120.10,3630400,114.80
2005-09-27,119.70,120.97,119.55,119.67,4065000,114.39
2005-09-26,119.95,120.14,119.30,120.00,3848700,114.71
2005-09-23,118.79,119.91,117.82,119.47,3835100,114.20
2005-09-22,115.68,119.04,114.95,118.50,4830800,113.27
2005-09-21,116.13,117.61,115.46,115.68,5870100,110.58
2005-09-20,120.39,120.40,118.05,118.05,6741600,112.84
2005-09-19,118.10,118.62,117.02,118.28,3313100,113.06
2005-09-16,116.50,118.50,116.30,118.40,6335500,113.18
2005-09-15,115.00,116.15,114.86,115.95,2979300,110.84
2005-09-14,117.75,118.50,115.52,115.90,3492100,110.79
2005-09-13,117.75,117.89,116.74,117.20,2378500,112.03
2005-09-12,116.71,118.48,116.57,118.00,3124300,112.79
2005-09-09,115.50,116.28,115.40,116.17,2357100,111.05
2005-09-08,114.73,115.70,114.41,115.16,2281000,110.08
2005-09-07,114.59,115.05,114.33,114.91,2098200,109.84
2005-09-06,113.79,114.92,113.63,114.59,2199100,109.54
2005-09-02,113.30,113.79,112.73,113.21,1472900,108.22
2005-09-01,111.70,114.44,111.60,113.12,3080700,108.13
2005-08-31,109.84,111.50,109.84,111.18,2130100,106.28
2005-08-30,109.90,110.00,108.86,109.84,1804400,104.99
2005-08-29,109.50,110.41,109.28,110.15,1613800,105.29
2005-08-26,110.50,110.70,109.03,109.75,1660700,104.91
2005-08-25,110.24,110.75,109.00,110.50,1968300,105.63
2005-08-24,111.79,112.71,109.99,109.99,2245400,105.14
2005-08-23,111.50,112.00,111.07,111.80,1927000,106.87
2005-08-22,111.80,112.41,111.08,111.70,1682400,106.77
2005-08-19,111.12,111.84,110.95,111.27,1450300,106.36
2005-08-18,110.89,111.33,110.22,110.85,2042200,105.96
2005-08-17,111.85,112.07,110.21,111.13,4218100,106.23
2005-08-16,114.55,114.87,112.00,112.08,2684000,107.14
2005-08-15,113.25,114.82,112.98,114.67,2315000,109.61
2005-08-12,113.18,114.35,112.90,113.65,3031100,108.64
2005-08-11,112.08,114.28,111.94,114.14,4167700,109.10
2005-08-10,111.98,113.82,111.82,112.03,4273100,107.09
2005-08-09,110.03,111.62,110.02,111.48,3613500,106.56
2005-08-08,110.03,110.96,109.65,109.91,2777500,105.06
2005-08-05,108.75,109.80,108.25,109.70,3261500,104.86
2005-08-04,110.00,110.07,108.75,109.25,2082300,104.43
2005-08-03,109.08,111.10,108.77,110.87,3367900,105.98
2005-08-02,107.25,109.68,107.25,109.52,2682200,104.69
2005-08-01,107.60,108.27,106.69,107.12,2459600,102.39
2005-07-29,109.42,109.50,107.44,107.48,2087800,102.74
2005-07-28,109.20,109.90,108.10,109.67,2342500,104.83
2005-07-27,107.95,109.18,107.28,109.15,2389200,104.33
2005-07-26,108.53,108.72,107.57,107.72,2000700,102.97
2005-07-25,109.07,109.73,108.31,108.32,1873000,103.54
2005-07-22,107.94,109.24,107.68,109.13,2310700,104.32
2005-07-21,109.25,109.64,107.88,108.25,3921800,103.24
2005-07-20,107.75,109.98,107.73,109.61,4081500,104.53
2005-07-19,108.65,109.88,108.62,109.72,3630700,104.64
2005-07-18,107.95,108.68,107.49,108.24,2687900,103.23
2005-07-15,108.25,108.79,107.77,108.50,2968100,103.47
2005-07-14,108.95,109.20,108.22,108.55,3750300,103.52
2005-07-13,107.32,108.46,107.24,108.00,3890400,103.00
2005-07-12,107.00,108.68,107.00,107.24,4383200,102.27
2005-07-11,105.66,107.46,105.62,107.31,4440500,102.34
2005-07-08,104.10,105.84,103.68,105.65,3191900,100.76
2005-07-07,102.35,104.21,102.02,104.10,4250300,99.28
2005-07-06,103.03,104.07,103.03,103.55,4302800,98.75
2005-07-05,102.25,103.70,102.16,103.18,2487800,98.40
2005-07-01,102.17,103.64,102.17,102.71,2433500,97.95
2005-06-30,103.28,103.46,101.77,102.02,3062500,97.29
2005-06-29,104.21,104.45,102.61,102.79,3225900,98.03
2005-06-28,103.50,104.96,103.30,103.96,3477400,99.14
2005-06-27,103.00,103.69,102.00,103.20,3099900,98.42
2005-06-24,102.16,103.70,101.93,103.67,5214000,98.87
2005-06-23,102.30,103.13,101.90,102.02,3857400,97.29
2005-06-22,102.67,103.40,102.34,102.47,3564400,97.72
2005-06-21,103.00,103.80,102.56,102.64,3704600,97.89
2005-06-20,103.25,103.85,102.66,103.25,3718500,98.47
2005-06-17,102.75,104.24,102.30,103.80,6254200,98.99
2005-06-16,100.00,103.30,98.70,102.65,10327600,97.90
2005-06-15,98.60,99.63,97.81,99.19,6113000,94.60
2005-06-14,99.65,100.17,98.25,98.30,4687900,93.75
2005-06-13,98.78,99.77,98.41,99.26,4434400,94.66
2005-06-10,100.13,100.13,98.68,99.05,1879100,94.46
2005-06-09,99.20,100.36,98.61,99.95,4091100,95.32
2005-06-08,99.10,99.23,98.35,98.35,3018700,93.79
2005-06-07,99.20,99.47,98.28,98.40,3734200,93.84
2005-06-06,96.75,98.78,96.43,98.42,3379800,93.86
2005-06-03,97.55,98.13,96.66,97.30,3299100,92.79
2005-06-02,98.00,98.48,97.23,97.67,3975200,93.15
2005-06-01,97.40,99.78,96.71,98.64,6487000,94.07
2005-05-31,94.90,97.57,94.75,97.50,7687500,92.98
2005-05-27,96.95,96.97,95.16,95.50,6726800,91.08
2005-05-26,98.05,98.16,96.04,96.60,7984100,92.13
2005-05-25,99.70,99.70,97.23,97.25,6690600,92.75
2005-05-24,100.50,100.50,98.70,99.58,4118500,94.97
2005-05-23,101.65,101.65,100.30,100.69,3706200,96.03
2005-05-20,99.95,101.20,99.55,101.08,3495500,96.40
2005-05-19,100.00,100.50,99.23,100.12,3734500,95.48
2005-05-18,99.00,99.97,98.50,99.58,5248400,94.97
2005-05-17,97.50,98.62,97.25,98.35,5396100,93.79
2005-05-16,98.00,99.29,97.80,98.42,4893300,93.86
2005-05-13,99.50,100.20,96.42,97.82,9189000,93.29
2005-05-12,103.50,103.73,99.34,100.22,7465400,95.58
2005-05-11,102.55,104.04,101.97,103.75,5132100,98.94
2005-05-10,104.22,104.27,101.81,102.11,6365100,97.38
2005-05-09,104.48,105.54,104.22,105.50,3631100,100.61
2005-05-06,105.75,106.18,104.50,104.68,3804000,99.83
2005-05-05,106.80,107.29,104.56,105.30,4722400,100.42
2005-05-04,105.20,107.15,104.65,106.27,5198800,101.35
2005-05-03,103.55,104.90,103.05,104.37,5618200,99.54
2005-05-02,105.85,105.85,103.00,104.46,6286100,99.62
2005-04-29,107.13,107.28,104.50,106.79,4585000,101.84
2005-04-28,106.95,107.89,105.94,106.23,3574100,101.31
2005-04-27,105.67,108.16,105.21,107.76,3631200,102.77
2005-04-26,105.74,107.19,105.12,105.72,3703400,100.82
2005-04-25,105.50,106.41,104.55,105.74,3600400,100.84
2005-04-22,105.00,105.75,103.21,104.19,7265000,99.36
2005-04-21,105.50,106.92,103.45,105.11,7066500,100.00
2005-04-20,106.70,106.89,104.07,104.33,5484400,99.26
2005-04-19,107.50,107.92,106.66,106.69,4613900,101.51
2005-04-18,106.69,107.99,106.30,107.35,4059600,102.13
2005-04-15,108.35,109.07,106.49,106.49,5600500,101.32
2005-04-14,110.15,110.40,108.43,108.49,4350600,103.22
2005-04-13,111.77,112.00,109.73,110.01,4684700,104.66
2005-04-12,111.55,112.47,110.14,111.76,5921800,106.33
2005-04-11,113.45,113.81,111.92,112.09,3599100,106.64
2005-04-08,113.25,114.25,112.78,112.93,3801400,107.44
2005-04-07,112.50,113.93,112.20,113.53,4735900,108.01
2005-04-06,110.95,112.64,110.79,112.50,5276800,107.03
2005-04-05,110.95,111.90,110.45,110.59,4656300,105.22
2005-04-04,109.15,111.33,108.58,111.00,6114600,105.61
2005-04-01,110.74,111.06,108.31,109.30,5625700,103.99
2005-03-31,110.00,110.26,109.06,109.99,3790100,104.65
2005-03-30,108.19,109.90,108.19,109.80,4057300,104.46
2005-03-29,109.68,110.63,108.37,108.45,3836100,103.18
2005-03-28,108.95,109.99,108.55,109.68,2543200,104.35
2005-03-24,108.78,109.50,108.37,108.40,2915600,103.13
2005-03-23,107.60,108.92,107.50,108.06,4449100,102.81
2005-03-22,109.75,110.99,107.67,107.99,5687400,102.74
2005-03-21,110.10,110.84,109.60,109.60,3944600,104.27
2005-03-18,109.70,110.70,109.56,109.98,7553500,104.64
2005-03-17,109.97,111.24,108.45,110.04,5540200,104.69
2005-03-16,110.54,110.58,108.60,109.97,3160100,104.63
2005-03-15,111.70,111.90,110.43,110.54,3080300,105.17
2005-03-14,109.81,110.75,109.06,110.00,2701400,104.66
2005-03-11,111.34,111.55,108.91,109.55,2983800,104.23
2005-03-10,111.45,112.00,110.82,111.33,2430800,105.92
2005-03-09,112.50,112.50,110.82,110.87,2718500,105.48
2005-03-08,112.80,113.17,112.10,112.63,2702600,107.16
2005-03-07,111.95,113.12,111.53,112.80,2543300,107.32
2005-03-04,110.20,112.83,110.03,111.53,3103600,106.11
2005-03-03,110.40,110.86,109.00,109.41,2061300,104.09
2005-03-02,109.25,111.32,109.22,109.73,2217100,104.40
2005-03-01,108.39,110.76,108.39,110.02,2504400,104.67
2005-02-28,110.00,110.11,108.35,108.80,2650000,103.51
2005-02-25,108.73,110.25,108.53,110.10,2222200,104.75
2005-02-24,108.65,109.21,108.13,108.50,1995900,103.23
2005-02-23,108.62,109.41,108.17,109.11,2764100,103.81
2005-02-22,108.05,109.26,107.52,107.86,2515000,102.62
2005-02-18,110.65,110.80,108.60,109.00,3331900,103.70
2005-02-17,112.60,112.81,110.54,110.60,2349400,105.23
2005-02-16,112.35,112.62,111.61,112.27,2228800,106.81
2005-02-15,112.50,113.19,112.25,112.71,2459000,107.23
2005-02-14,112.78,113.38,111.69,111.97,2267900,106.53
2005-02-11,112.78,113.93,112.07,112.77,3942900,107.29
2005-02-10,111.80,112.98,111.75,112.77,3585900,107.29
2005-02-09,112.00,113.35,111.35,111.45,4589600,106.03
2005-02-08,109.97,111.93,109.91,111.55,4222400,106.13
2005-02-07,110.02,110.21,109.33,109.59,2684800,104.27
2005-02-04,108.74,110.33,108.71,110.02,3726700,104.67
2005-02-03,108.40,108.94,108.20,108.74,2933200,103.46
2005-02-02,108.15,108.97,107.99,108.59,2858400,103.31
2005-02-01,107.65,108.94,107.30,108.40,3369200,103.13
2005-01-31,107.38,107.97,107.15,107.85,3826500,102.61
2005-01-28,104.65,106.71,104.00,106.12,5854200,100.96
2005-01-27,103.37,104.34,103.01,104.00,3479100,98.95
2005-01-26,103.18,103.52,101.79,103.26,3979900,98.24
2005-01-25,104.10,104.70,102.61,102.86,3365000,97.86
2005-01-24,103.33,104.54,103.04,103.24,3895400,98.22
2005-01-21,103.20,104.54,102.79,103.33,4581000,98.31
2005-01-20,103.50,103.77,102.88,103.40,3252100,98.14
2005-01-19,104.33,104.72,103.81,104.06,3550400,98.76
2005-01-18,103.60,105.18,103.56,105.00,3224800,99.66
2005-01-14,103.10,104.35,102.94,104.22,2794400,98.92
2005-01-13,102.80,103.96,102.78,102.94,3256300,97.70
2005-01-12,104.10,104.26,102.41,103.27,3975800,98.01
2005-01-11,104.05,104.68,103.40,104.17,3132600,98.87
2005-01-10,104.28,105.43,104.27,104.98,2686200,99.64
2005-01-07,105.23,105.46,104.40,104.78,3075000,99.45
2005-01-06,103.96,105.25,103.91,105.23,3590100,99.87
2005-01-05,103.75,104.98,103.58,103.80,3649300,98.52
2005-01-04,104.80,105.20,103.91,104.27,5154200,98.96
2005-01-03,104.90,105.25,104.34,104.95,4225300,99.61
2004-12-31,104.92,105.00,104.04,104.04,1487400,98.75
2004-12-30,104.90,105.59,104.78,104.92,1629000,99.58
2004-12-29,104.90,105.16,104.33,104.65,1588100,99.32
2004-12-28,104.20,105.21,104.20,105.15,1806500,99.80
2004-12-27,104.95,105.04,103.80,104.20,1716700,98.90
2004-12-23,104.65,105.41,104.35,104.35,2011800,99.04
2004-12-22,104.45,105.50,104.23,104.40,3505200,99.09
2004-12-21,104.00,105.19,103.68,105.01,5247400,99.67
2004-12-20,103.76,105.03,103.07,103.79,4836200,98.51
2004-12-17,104.00,105.59,103.00,103.75,7853300,98.47
2004-12-16,106.20,107.00,104.70,105.40,8113500,100.04
2004-12-15,109.65,110.41,108.66,109.25,4820700,103.69
2004-12-14,110.45,110.45,109.65,109.88,4179100,104.29
2004-12-13,109.95,110.88,109.44,110.45,4202500,104.83
2004-12-10,108.50,109.93,107.24,109.40,3898700,103.83
2004-12-09,106.69,107.82,106.19,107.49,2581600,102.02
2004-12-08,106.53,107.68,105.99,106.68,3038900,101.25
2004-12-07,107.72,107.79,106.09,106.09,2280000,100.69
2004-12-06,107.05,107.73,106.35,107.17,2334600,101.72
2004-12-03,106.60,107.08,105.51,106.47,2728700,101.05
2004-12-02,106.02,107.46,105.87,106.60,3503400,101.18
2004-12-01,105.25,106.15,104.96,106.00,3123200,100.61
2004-11-30,104.55,105.31,104.54,104.76,2966500,99.43
2004-11-29,105.43,105.59,104.51,105.08,2881900,99.73
2004-11-26,104.95,105.40,104.83,104.84,796200,99.50
2004-11-24,104.10,105.22,104.10,105.00,2427600,99.66
2004-11-23,103.75,104.07,103.08,103.81,2628300,98.53
2004-11-22,102.75,103.90,102.14,103.42,2344000,98.16
2004-11-19,104.77,104.77,101.91,103.04,3579400,97.80
2004-11-18,104.90,104.98,104.12,104.83,2086700,99.50
2004-11-17,104.05,105.40,103.94,104.71,3666000,99.38
2004-11-16,104.63,104.63,103.42,103.72,3694200,98.44
2004-11-15,104.85,105.10,103.65,104.62,3208200,99.30
2004-11-12,103.45,104.90,103.27,104.66,4435100,99.33
2004-11-11,101.25,103.30,101.21,103.00,3966100,97.76
2004-11-10,100.91,101.33,100.38,100.75,2612000,95.62
2004-11-09,100.22,101.28,99.89,100.87,2826500,95.74
2004-11-08,100.40,100.80,99.78,100.21,2819200,95.11
2004-11-05,100.50,101.74,99.35,100.85,5101400,95.72
2004-11-04,99.37,100.55,98.45,100.00,4381500,94.91
2004-11-03,100.01,100.50,98.68,99.37,4333900,94.31
2004-11-02,98.85,99.73,98.50,98.55,4270100,93.53
2004-11-01,98.20,98.91,97.80,98.32,2519900,93.32
2004-10-29,97.43,98.45,97.43,98.38,3862600,93.37
2004-10-28,96.10,98.14,95.80,97.43,5321900,92.47
2004-10-27,93.28,96.30,93.00,96.10,4620900,91.21
2004-10-26,92.80,94.78,92.80,93.76,3445400,88.99
2004-10-25,91.75,92.71,91.11,92.42,3019600,87.72
2004-10-22,93.02,93.74,92.01,92.70,3515900,87.98
2004-10-21,92.00,93.85,91.98,93.47,4023000,88.71
2004-10-20,92.11,92.69,90.74,92.34,3934700,87.40
2004-10-19,94.25,95.00,92.60,93.06,4144600,88.09
2004-10-18,94.16,94.45,93.09,94.25,2572100,89.21
2004-10-15,93.70,94.32,93.09,94.16,3188100,89.13
2004-10-14,94.00,94.16,92.40,92.93,3915000,87.96
2004-10-13,95.00,95.25,94.19,94.72,2924600,89.66
2004-10-12,93.25,94.80,93.24,94.59,2613100,89.53
2004-10-11,94.80,94.91,94.04,94.14,1624700,89.11
2004-10-08,94.85,95.50,93.91,94.24,3029400,89.20
2004-10-07,95.00,95.42,94.36,94.85,2758300,89.78
2004-10-06,94.07,95.66,93.75,95.53,3445200,90.42
2004-10-05,94.95,95.10,93.79,94.07,3938300,89.04
2004-10-04,94.80,95.45,94.44,94.87,3640600,89.80
2004-10-01,93.46,94.69,93.34,93.92,3184800,88.90
2004-09-30,93.35,93.57,92.45,93.24,2721700,88.26
2004-09-29,93.06,93.47,92.40,93.28,3005900,88.29
2004-09-28,92.75,93.24,91.77,93.06,2806600,88.09
2004-09-27,93.48,93.49,92.12,92.75,3414700,87.79
2004-09-24,93.67,93.77,92.84,93.48,2614100,88.48
2004-09-23,92.50,93.64,92.50,93.07,4313900,88.09
2004-09-22,93.08,94.18,92.50,93.39,6459600,88.40
2004-09-21,93.00,94.96,92.75,94.90,6120400,89.83
2004-09-20,91.00,92.12,90.97,91.68,3017600,86.78
2004-09-17,93.29,93.46,91.81,92.05,2890900,87.13
2004-09-16,92.65,93.62,92.40,93.16,2530000,88.18
2004-09-15,94.00,94.01,92.41,92.41,2768000,87.47
2004-09-14,93.28,94.25,92.90,94.10,2900100,89.07
2004-09-13,93.40,93.60,92.77,93.60,2957800,88.60
2004-09-10,91.87,93.23,91.70,93.13,2846100,88.15
2004-09-09,92.10,92.16,90.61,91.87,3081200,86.96
2004-09-08,92.29,92.55,91.36,91.44,2901400,86.55
2004-09-07,91.20,92.78,91.06,92.23,3903300,87.30
2004-09-03,91.06,91.72,90.00,90.20,1667700,85.38
2004-09-02,89.20,91.30,88.89,91.06,2361400,86.19
2004-09-01,89.85,90.50,88.95,89.19,1913900,84.42
2004-08-31,89.56,89.81,88.46,89.65,2403900,84.86
2004-08-30,90.23,90.35,89.01,89.15,1824400,84.38
2004-08-27,91.12,91.20,90.17,90.48,1642400,85.64
2004-08-26,89.93,91.57,89.76,91.12,3366000,86.25
2004-08-25,87.78,90.25,87.56,90.03,4104300,85.22
2004-08-24,88.15,88.37,87.46,87.53,2371300,82.85
2004-08-23,87.81,88.34,87.28,87.50,4164200,82.82
2004-08-20,86.60,88.07,86.38,87.81,2651200,83.12
2004-08-19,87.31,87.69,85.95,86.60,2669200,81.97
2004-08-18,86.30,87.50,86.06,87.44,2979700,82.77
2004-08-17,87.16,87.25,86.24,86.39,3122600,81.77
2004-08-16,84.25,86.29,84.25,85.82,2990100,81.23
2004-08-13,83.86,84.25,83.29,84.25,2533900,79.75
2004-08-12,84.65,85.20,83.40,83.86,4773500,79.38
2004-08-11,84.80,85.60,84.18,84.65,3995400,80.12
2004-08-10,84.70,85.53,84.27,85.31,5453300,80.75
2004-08-09,84.55,85.20,84.03,84.55,2916200,80.03
2004-08-06,85.00,86.15,84.20,84.55,5065600,80.03
2004-08-05,88.10,88.10,85.69,85.80,3203000,81.21
2004-08-04,87.35,88.45,86.75,87.65,3460200,82.96
2004-08-03,88.40,89.06,87.48,87.68,2726800,82.99
2004-08-02,87.78,88.64,87.33,88.44,3020400,83.71
2004-07-30,89.05,89.36,87.71,88.19,3706400,83.48
2004-07-29,89.65,90.05,89.08,89.69,3588700,84.90
2004-07-28,88.27,89.30,87.33,88.71,4273500,83.97
2004-07-27,87.03,88.98,87.02,88.79,4131900,84.04
2004-07-26,87.72,88.19,86.63,87.03,3805400,82.38
2004-07-23,86.81,88.20,86.81,87.55,3096600,82.87
2004-07-22,87.02,88.50,85.72,87.76,4883400,82.83
2004-07-21,89.70,90.70,87.40,87.42,4535400,82.51
2004-07-20,87.25,89.85,87.21,89.70,4131100,84.66
2004-07-19,87.50,88.13,86.67,87.50,3308600,82.59
2004-07-16,89.53,89.58,87.15,87.25,3562400,82.35
2004-07-15,90.20,90.21,88.11,88.33,3899700,83.37
2004-07-14,89.56,91.48,89.54,89.89,3447500,84.84
2004-07-13,90.00,90.85,89.19,90.36,3744000,85.29
2004-07-12,90.05,90.80,88.80,90.66,3509600,85.57
2004-07-09,90.70,90.98,90.01,90.05,2518900,84.99
2004-07-08,89.90,91.23,89.83,90.00,3493200,84.95
2004-07-07,91.60,91.80,90.42,90.57,4501900,85.48
2004-07-06,92.61,92.96,91.89,92.20,2603700,87.02
2004-07-02,93.85,93.97,92.50,93.61,3330600,88.35
2004-07-01,94.17,94.35,92.68,93.65,4569500,88.39
2004-06-30,94.00,94.85,93.56,94.16,4135600,88.87
2004-06-29,93.00,94.20,92.78,94.00,3359300,88.72
2004-06-28,95.15,95.15,92.81,93.26,4380100,88.02
2004-06-25,93.20,94.85,92.94,94.55,8047400,89.24
2004-06-24,92.25,94.17,91.75,93.19,5519100,87.96
2004-06-23,91.00,91.99,90.53,91.72,6149000,86.57
2004-06-22,88.35,91.16,87.68,90.60,8249500,85.51
2004-06-21,89.89,90.00,88.60,88.79,3217900,83.80
2004-06-18,89.00,90.25,88.70,89.18,3823000,84.17
2004-06-17,89.25,89.65,88.53,89.34,3500700,84.32
2004-06-16,90.49,90.98,89.39,89.98,4149900,84.93
2004-06-15,92.18,92.41,89.98,90.21,5510300,85.14
2004-06-14,92.15,92.15,90.64,91.53,3043300,86.39
2004-06-10,93.01,93.01,92.14,93.01,1702500,87.79
2004-06-09,94.01,94.07,92.37,93.00,1996500,87.78
2004-06-08,93.58,94.10,92.64,94.00,2949300,88.72
2004-06-07,92.35,93.70,92.06,93.58,3493300,88.32
2004-06-04,91.50,91.99,91.23,91.52,3165000,86.38
2004-06-03,91.78,91.80,90.27,90.55,4224700,85.47
2004-06-02,93.00,93.01,91.65,91.77,4320100,86.62
2004-06-01,93.80,93.90,91.75,93.00,4142600,87.78
2004-05-28,93.29,93.95,92.99,93.91,2425800,88.64
2004-05-27,94.20,94.30,92.16,93.29,4652200,88.05
2004-05-26,93.03,93.75,92.50,93.39,2978600,88.15
2004-05-25,91.73,93.26,90.80,93.11,3927500,87.88
2004-05-24,92.45,93.12,91.35,91.73,3687700,86.58
2004-05-21,92.62,93.25,91.45,91.74,4060800,86.59
2004-05-20,93.05,93.74,92.12,92.40,3904600,87.21
2004-05-19,94.75,94.82,92.60,92.68,4751400,87.48
2004-05-18,93.10,94.01,92.52,93.31,3325600,88.07
2004-05-17,92.80,93.19,91.45,92.68,4520600,87.48
2004-05-14,94.12,94.62,92.60,94.01,4569700,88.73
2004-05-13,93.12,94.69,92.65,93.45,4692400,88.20
2004-05-12,91.85,93.07,90.23,92.92,6639300,87.70
2004-05-11,92.25,93.11,91.63,93.11,5288200,87.88
2004-05-10,90.75,92.13,90.08,92.10,6861800,86.93
2004-05-07,94.50,95.50,92.88,93.04,5480900,87.82
2004-05-06,95.15,95.54,93.83,95.15,5482900,89.81
2004-05-05,97.50,98.25,95.74,96.15,4822000,90.75
2004-05-04,97.75,98.50,96.78,97.37,3875200,91.90
2004-05-03,96.95,97.56,96.21,96.92,3267000,91.48
2004-04-30,98.51,99.00,96.31,96.75,3462600,91.32
2004-04-29,98.92,99.84,97.60,98.26,3899400,92.74
2004-04-28,100.25,100.25,98.40,98.40,3360600,92.87
2004-04-27,100.55,102.07,100.55,100.91,1888400,95.24
2004-04-26,101.00,102.27,100.96,101.15,2243900,95.47
2004-04-23,101.05,101.07,99.81,100.41,3034500,94.77
2004-04-22,100.01,102.35,100.00,101.80,3700200,95.85
2004-04-21,100.25,100.65,99.15,100.00,4035800,94.15
2004-04-20,102.65,103.07,99.91,99.91,2761100,94.07
2004-04-19,103.25,103.30,101.75,102.48,2497200,96.49
2004-04-16,102.25,103.70,101.82,103.36,3314300,97.32
2004-04-15,101.65,102.73,100.23,101.73,3763400,95.78
2004-04-14,102.00,102.55,100.49,101.41,5584300,95.48
2004-04-13,105.82,106.19,102.75,103.12,3977600,97.09
2004-04-12,105.80,106.14,105.70,105.82,1771200,99.63
2004-04-08,106.40,106.48,105.25,105.70,3014400,99.52
2004-04-07,105.37,105.77,104.78,105.25,2307100,99.10
2004-04-06,105.70,105.99,104.67,105.58,2920000,99.41
2004-04-05,105.95,106.30,105.14,105.70,2880900,99.52
2004-04-02,107.00,107.50,104.84,105.95,3951700,99.75
2004-04-01,104.24,106.04,104.24,106.00,3358700,99.80
2004-03-31,104.27,104.66,103.69,104.35,2480200,98.25
2004-03-30,103.70,104.65,103.32,104.26,3067700,98.16
2004-03-29,104.19,105.10,103.50,104.22,3612300,98.13
2004-03-26,101.85,104.22,101.51,103.75,4545500,97.68
2004-03-25,100.00,101.98,99.60,101.85,4840900,95.89
2004-03-24,101.50,101.60,98.38,99.24,6796300,93.44
2004-03-23,103.25,103.27,101.39,101.39,6971100,95.46
2004-03-22,102.16,102.16,99.84,101.30,4648000,95.38
2004-03-19,103.11,104.32,102.66,102.66,3018900,96.66
2004-03-18,103.85,104.08,102.40,103.70,3203800,97.64
2004-03-17,103.57,104.54,102.44,104.01,3272900,97.93
2004-03-16,103.50,104.74,102.26,103.06,4360800,97.03
2004-03-15,104.80,104.81,102.35,102.82,3343000,96.81
2004-03-12,104.15,105.12,103.42,104.93,3167300,98.79
2004-03-11,103.56,105.19,102.87,102.99,3427600,96.97
2004-03-10,105.76,105.90,103.30,103.55,3450200,97.50
2004-03-09,107.35,107.35,105.05,105.76,3070800,99.58
2004-03-08,109.06,109.29,107.17,107.35,2860100,101.07
2004-03-05,107.32,109.28,107.08,109.05,3893200,102.67
2004-03-04,107.03,108.85,106.83,108.52,3631900,102.17
2004-03-03,106.40,106.76,105.54,106.51,3033000,100.28
2004-03-02,106.90,107.88,106.40,106.40,2993100,100.18
2004-03-01,107.30,108.00,106.71,107.35,2849600,101.07
2004-02-27,106.79,107.80,105.61,105.87,3598000,99.68
2004-02-26,105.83,106.49,104.49,106.29,2160000,100.07
2004-02-25,104.57,106.00,104.44,105.82,2810400,99.63
2004-02-24,105.65,106.20,104.00,104.32,3547500,98.22
2004-02-23,106.57,107.44,105.92,106.67,2724600,100.43
2004-02-20,106.35,107.00,105.40,106.52,2800500,100.29
2004-02-19,107.10,107.48,105.56,105.77,2114600,99.59
2004-02-18,107.16,108.00,106.28,106.90,2413600,100.65
2004-02-17,106.65,107.82,106.57,106.92,2640300,100.67
2004-02-13,107.35,107.90,105.03,105.85,4110200,99.66
2004-02-12,107.33,107.80,106.50,107.40,4058900,101.12
2004-02-11,103.60,107.26,103.48,107.09,7277700,100.83
2004-02-10,101.65,102.44,101.43,102.18,2557900,96.21
2004-02-09,101.34,102.47,100.87,101.87,2518600,95.91
2004-02-06,99.29,101.56,99.14,101.34,3196000,95.41
2004-02-05,99.77,100.17,98.43,98.84,2803100,93.06
2004-02-04,101.15,101.20,99.70,99.75,3228600,93.92
2004-02-03,99.77,101.36,99.20,101.15,3663000,95.24
2004-02-02,99.23,100.46,98.47,99.81,3416300,93.97
2004-01-30,99.41,100.43,98.82,99.55,2982100,93.73
2004-01-29,99.25,99.69,97.81,99.40,3872500,93.59
2004-01-28,101.30,101.50,97.70,98.30,4070300,92.55
2004-01-27,102.19,102.75,100.80,101.05,3231600,95.14
2004-01-26,99.42,102.49,99.35,102.28,4096200,96.30
2004-01-23,101.08,101.08,98.79,99.50,3742700,93.68
2004-01-22,101.07,101.87,100.40,100.68,3893900,94.56
2004-01-21,100.30,101.50,99.37,101.50,3296000,95.33
2004-01-20,101.17,101.55,99.60,100.40,3095900,94.29
2004-01-16,101.15,101.59,100.03,100.48,6035000,94.37
2004-01-15,100.40,102.00,99.95,101.14,8331000,94.99
2004-01-14,97.50,99.50,97.46,99.38,4243200,93.34
2004-01-13,97.85,97.95,97.04,97.67,3257500,91.73
2004-01-12,97.60,97.85,96.45,97.78,2844700,91.83
2004-01-09,98.74,98.75,97.29,97.50,3297300,91.57
2004-01-08,98.73,98.98,97.70,98.75,3687800,92.74
2004-01-07,96.76,98.86,96.45,98.63,4457800,92.63
2004-01-06,97.36,97.67,96.38,96.60,4077800,90.73
2004-01-05,97.30,97.94,96.15,97.18,4817700,91.27
2004-01-02,98.80,99.09,96.58,97.13,3042300,91.22
2003-12-31,99.57,99.58,98.00,98.73,2877800,92.73
2003-12-30,99.90,99.90,98.77,99.16,1768300,93.13
2003-12-29,98.48,99.75,98.20,99.58,2480400,93.52
2003-12-26,97.55,98.43,97.55,97.94,887100,91.98
2003-12-24,97.82,97.95,97.45,97.55,985900,91.62
2003-12-23,98.34,98.80,98.15,98.22,2257200,92.25
2003-12-22,96.38,98.43,96.35,98.15,3618000,92.18
2003-12-19,97.10,97.39,95.84,96.38,5135600,90.52
2003-12-18,97.00,97.73,95.73,97.35,5603100,91.43
2003-12-17,97.03,98.50,96.77,98.35,4086700,92.37
2003-12-16,97.76,98.40,96.91,97.52,3629200,91.59
2003-12-15,99.93,100.78,97.75,97.75,3164600,91.81
2003-12-12,98.50,99.36,97.97,99.15,1720300,93.12
2003-12-11,97.97,99.11,97.45,98.34,2323600,92.36
2003-12-10,98.20,99.50,97.24,97.60,2995400,91.66
2003-12-09,98.80,98.90,97.60,98.20,2408100,92.23
2003-12-08,97.80,98.80,97.45,98.80,1822500,92.79
2003-12-05,98.73,99.31,97.60,98.03,2558100,92.07
2003-12-04,99.38,99.50,98.32,98.73,2085400,92.73
2003-12-03,98.25,100.00,97.90,99.29,4459800,93.25
2003-12-02,97.80,98.75,97.26,97.40,3055100,91.48
2003-12-01,96.23,97.77,96.23,97.48,3381800,91.55
2003-11-28,96.67,97.10,95.76,96.08,1040000,90.24
2003-11-26,96.49,96.70,95.37,96.67,2038900,90.79
2003-11-25,95.95,96.64,95.59,96.25,3013900,90.40
2003-11-24,93.95,95.09,93.50,94.92,2544200,89.15
2003-11-21,92.35,93.30,92.09,92.97,3075500,87.32
2003-11-20,93.75,93.93,91.70,91.76,3723700,86.18
2003-11-19,93.30,94.02,93.20,93.93,2768900,88.22
2003-11-18,95.00,95.05,93.35,93.73,2454400,88.03
2003-11-17,93.81,94.70,93.14,94.25,3130100,88.52
2003-11-14,96.09,96.69,93.45,93.80,3642800,88.10
2003-11-13,96.71,96.71,94.52,96.02,1991600,90.18
2003-11-12,95.95,96.85,95.68,96.70,2237700,90.82
2003-11-11,96.09,96.35,95.45,96.10,1801200,90.26
2003-11-10,96.98,96.98,95.58,96.08,3144100,90.24
2003-11-07,96.53,97.39,96.20,96.98,3537700,91.08
2003-11-06,95.47,96.69,94.65,96.53,3294500,90.66
2003-11-05,95.95,96.25,94.26,95.47,4089800,89.66
2003-11-04,96.20,96.20,94.71,95.95,3024200,90.12
2003-11-03,94.65,96.80,94.55,96.19,5128000,90.34
2003-10-31,93.43,94.89,93.43,93.90,3561200,88.19
2003-10-30,93.45,94.00,93.17,93.43,4359700,87.75
2003-10-29,92.65,93.16,92.00,92.65,5216600,87.02
2003-10-28,88.95,92.25,88.69,92.25,7022300,86.64
2003-10-27,87.50,88.52,86.80,88.19,4347800,82.83
2003-10-24,87.00,87.00,85.01,85.82,3396700,80.60
2003-10-23,86.22,87.92,86.02,87.00,3889600,81.71
2003-10-22,86.50,86.85,86.04,86.47,3431700,80.98
2003-10-21,87.02,88.91,87.02,87.62,3029500,82.05
2003-10-20,87.00,87.23,85.94,87.01,3232600,81.48
2003-10-17,88.03,88.55,86.73,87.17,3340500,81.63
2003-10-16,88.25,88.61,87.65,87.99,4122900,82.40
2003-10-15,89.45,89.63,88.55,88.75,4037000,83.11
2003-10-14,88.17,88.77,87.08,88.64,3297900,83.01
2003-10-13,87.70,88.68,87.62,88.17,1987100,82.57
2003-10-10,87.01,87.33,86.43,86.94,2729900,81.42
2003-10-09,87.68,88.45,86.81,87.00,4164200,81.47
2003-10-08,86.85,87.12,85.55,86.26,2808000,80.78
2003-10-07,86.72,87.32,85.84,86.84,3785600,81.32
2003-10-06,86.66,88.00,86.45,86.72,3215900,81.21
2003-10-03,86.24,88.11,86.24,86.66,4120100,81.15
2003-10-02,86.00,86.41,85.40,85.96,2957500,80.50
2003-10-01,83.90,86.13,83.90,86.00,4332500,80.54
2003-09-30,84.75,84.86,83.64,83.90,5257900,78.57
2003-09-29,85.15,85.99,84.57,85.00,4695800,79.60
2003-09-26,86.02,86.21,84.20,84.70,4020600,79.32
2003-09-25,85.82,86.46,85.23,85.52,5768300,80.09
2003-09-24,89.07,89.07,85.71,85.82,9448500,80.37
2003-09-23,90.80,91.35,88.99,89.06,10655700,83.40
2003-09-22,92.90,93.10,92.06,92.66,3700400,86.77
2003-09-19,93.25,93.74,92.80,93.73,3771500,87.78
2003-09-18,91.70,93.49,91.06,93.25,5804300,87.33
2003-09-17,90.70,91.99,90.40,91.00,3188300,85.22
2003-09-16,89.48,91.10,89.45,90.93,3992000,85.15
2003-09-15,89.93,90.74,89.20,89.20,2756500,83.53
2003-09-12,89.80,90.92,89.20,90.73,2838900,84.97
2003-09-11,89.44,90.46,88.81,89.84,3226500,84.13
2003-09-10,91.20,91.21,89.32,89.44,4240700,83.76
2003-09-09,91.20,92.11,90.85,91.79,3078700,85.96
2003-09-08,91.48,91.98,90.07,91.35,4167700,85.55
2003-09-05,91.26,92.22,90.34,90.96,2693200,85.18
2003-09-04,90.90,91.49,90.60,91.26,3691500,85.46
2003-09-03,90.70,91.49,90.04,90.82,3810600,85.05
2003-09-02,88.54,90.63,88.54,90.45,3802000,84.70
2003-08-29,86.90,88.60,86.75,88.49,2374700,82.87
2003-08-28,86.45,86.96,85.24,86.86,1741700,81.34
2003-08-27,86.51,86.51,85.75,85.97,1458500,80.51
2003-08-26,86.73,86.89,85.50,86.51,2586700,81.01
2003-08-25,87.00,87.00,86.02,86.73,2005800,81.22
2003-08-22,89.10,89.10,86.89,86.99,2836200,81.46
2003-08-21,88.25,88.58,87.39,88.10,2170400,82.50
2003-08-20,88.40,88.68,87.60,87.70,2535400,82.13
2003-08-19,88.32,89.10,87.90,89.03,2410300,83.37
2003-08-18,87.76,88.73,86.87,88.27,2899000,82.66
2003-08-15,87.96,88.24,87.07,87.76,991200,82.18
2003-08-14,87.16,88.05,86.45,87.95,2885400,82.36
2003-08-13,87.90,88.00,86.88,87.40,3118200,81.85
2003-08-12,85.77,87.68,85.77,87.68,3216100,82.11
2003-08-11,85.81,85.99,84.68,85.76,2574600,80.31
2003-08-08,85.21,86.10,85.20,85.82,2859900,80.37
2003-08-07,84.06,84.78,83.55,84.75,2808700,79.37
2003-08-06,83.00,85.13,82.96,84.05,4479100,78.71
2003-08-05,84.85,85.48,82.90,82.90,3488600,77.63
2003-08-04,85.10,85.55,83.43,84.65,4024700,79.27
2003-08-01,86.95,87.05,84.94,85.10,3897500,79.69
2003-07-31,87.95,89.10,87.04,87.14,4138500,81.60
2003-07-30,87.05,87.35,86.11,86.95,3306300,81.43
2003-07-29,86.50,87.84,85.98,86.83,3983000,81.31
2003-07-28,86.46,87.30,86.28,86.50,2211400,81.00
2003-07-25,85.37,86.78,84.75,86.42,3025400,80.93
2003-07-24,86.87,87.10,85.40,85.40,2893700,79.74
2003-07-23,86.30,86.42,85.28,86.10,2417900,80.39
2003-07-22,85.95,86.81,85.21,86.16,3244700,80.45
2003-07-21,87.59,87.69,85.20,85.70,2958400,80.02
2003-07-18,86.44,87.70,85.77,87.69,2949400,81.88
2003-07-17,86.95,87.00,85.86,86.44,3178300,80.71
2003-07-16,88.75,88.75,86.77,87.26,3544200,81.48
2003-07-15,89.95,90.26,87.85,88.02,5177400,82.19
2003-07-14,87.33,90.35,87.33,89.44,5519000,83.51
2003-07-11,86.99,87.95,86.61,87.32,3028300,81.53
2003-07-10,88.23,88.23,86.00,86.55,3643900,80.81
2003-07-09,88.07,88.65,87.57,88.23,4381900,82.38
2003-07-08,87.75,88.40,87.10,88.06,3994900,82.22
2003-07-07,85.70,88.21,85.60,87.74,4436600,81.93
2003-07-03,83.27,85.22,83.27,84.70,2837600,79.09
2003-07-02,85.31,86.20,84.59,85.40,5484800,79.74
2003-07-01,83.75,85.85,82.36,85.85,6162300,80.16
2003-06-30,83.10,83.75,82.20,83.75,5715700,78.20
2003-06-27,84.16,84.60,82.05,82.38,5158400,76.92
2003-06-26,85.00,85.60,83.31,84.15,6423200,78.57
2003-06-25,85.87,86.40,84.62,84.78,7199400,79.16
2003-06-24,85.80,87.06,85.66,86.60,3866900,80.86
2003-06-23,86.25,86.25,84.60,85.28,3513300,79.63
2003-06-20,86.75,87.40,86.01,86.25,3792200,80.53
2003-06-19,88.90,89.25,85.45,85.92,5506700,80.23
2003-06-18,90.10,90.41,88.40,88.90,5603300,83.01
2003-06-17,91.50,91.98,90.70,91.50,3906200,85.44
2003-06-16,90.00,91.50,89.56,91.50,4889800,85.44
2003-06-13,90.35,90.70,88.81,89.17,4594100,83.26
2003-06-12,89.74,90.50,89.17,90.35,4612900,84.36
2003-06-11,88.70,89.89,88.27,89.74,5230300,83.79
2003-06-10,87.90,88.90,87.24,88.70,4662700,82.82
2003-06-09,88.30,88.70,87.10,87.54,4954800,81.74
2003-06-06,88.25,89.50,87.50,88.70,9050400,82.82
2003-06-05,85.25,87.49,84.55,87.30,5971400,81.51
2003-06-04,82.56,85.59,82.55,85.25,4663300,79.60
2003-06-03,83.50,83.91,82.71,83.00,4236300,77.50
2003-06-02,81.50,84.48,81.50,83.54,7151600,78.00
2003-05-30,79.85,81.67,79.83,81.50,3850100,76.10
2003-05-29,79.91,81.08,79.32,79.59,5041500,74.32
2003-05-28,78.48,79.90,78.45,79.90,4746800,74.61
2003-05-27,76.15,78.74,75.22,78.48,4096000,73.28
2003-05-23,76.03,76.52,75.85,76.15,2052500,71.10
2003-05-22,75.35,76.37,75.28,76.03,3193500,70.99
2003-05-21,74.40,75.24,73.70,75.10,3241500,70.12
2003-05-20,74.40,74.81,73.22,74.45,4447500,69.52
2003-05-19,76.70,76.70,74.35,74.35,3981600,69.42
2003-05-16,75.20,76.90,75.20,76.70,4444000,71.62
2003-05-15,74.65,76.20,74.65,76.10,4318500,71.06
2003-05-14,75.00,75.35,74.35,74.95,3434300,69.98
2003-05-13,74.55,75.91,74.55,74.95,4053300,69.98
2003-05-12,75.00,76.00,74.24,75.49,3895100,70.49
2003-05-09,74.06,75.03,74.02,75.00,3849200,70.03
2003-05-08,77.21,77.21,74.00,74.06,7119900,69.15
2003-05-07,76.42,77.88,76.25,77.20,3728100,72.08
2003-05-06,76.49,77.92,76.01,77.20,3850100,72.08
2003-05-05,76.60,77.18,75.95,76.49,3548700,71.42
2003-05-02,75.33,76.98,74.02,76.60,4131500,71.52
2003-05-01,75.90,75.90,74.50,75.33,4106200,70.34
2003-04-30,76.24,76.87,75.63,75.90,3968900,70.87
2003-04-29,76.51,78.00,75.26,76.45,5327400,71.38
2003-04-28,76.37,77.20,75.51,76.51,3606000,71.44
2003-04-25,77.23,77.37,75.50,75.87,2820700,70.84
2003-04-24,78.43,78.43,76.60,77.35,3307100,72.11
2003-04-23,78.33,78.90,77.44,78.43,4008300,73.12
2003-04-22,76.35,78.39,74.92,78.33,5508800,73.03
2003-04-21,76.10,76.82,75.90,76.35,3176100,71.18
2003-04-17,75.20,76.49,74.83,76.10,4484200,70.95
2003-04-16,76.55,77.20,74.86,75.20,6181600,70.11
2003-04-15,74.49,76.60,73.71,76.54,6723400,71.36
2003-04-14,72.42,74.50,72.32,74.49,3678500,69.45
2003-04-11,72.61,73.44,71.81,72.42,2858600,67.52
2003-04-10,71.92,72.59,71.60,72.35,3458700,67.45
2003-04-09,72.70,73.75,71.86,71.91,4197600,67.04
2003-04-08,72.31,73.00,71.39,72.70,3343200,67.78
2003-04-07,73.50,74.15,72.12,72.31,4627000,67.41
2003-04-04,72.35,72.93,71.85,72.06,3704800,67.18
2003-04-03,72.25,73.30,71.70,72.35,4748300,67.45
2003-04-02,71.50,72.87,71.05,72.40,7036500,67.50
2003-04-01,68.48,70.03,68.06,69.62,4231600,64.91
2003-03-31,68.01,69.50,68.00,68.08,4591300,63.47
2003-03-28,70.58,70.94,69.87,70.11,2553300,65.36
2003-03-27,70.75,71.03,69.87,70.58,4050900,65.80
2003-03-26,70.69,71.49,70.53,71.05,3662500,66.24
2003-03-25,70.10,71.29,69.80,70.69,4289600,65.90
2003-03-24,72.10,72.10,69.61,69.92,5603800,65.19
2003-03-21,70.36,72.10,69.82,72.10,6861800,67.22
2003-03-20,69.98,70.47,68.17,70.08,6615800,65.33
2003-03-19,69.80,70.98,68.79,70.27,6370000,65.51
2003-03-18,68.90,69.72,68.21,69.58,5054000,64.87
2003-03-17,66.62,69.34,65.91,68.90,6144200,64.23
2003-03-14,66.78,67.57,66.00,66.62,4670000,62.11
2003-03-13,63.30,66.89,63.30,66.78,7046700,62.26
2003-03-12,62.96,62.98,61.02,62.85,8550000,58.59
2003-03-11,64.34,65.19,62.92,62.95,4190400,58.69
2003-03-10,66.69,66.69,63.91,64.34,4335200,59.98
2003-03-07,64.16,66.98,64.16,66.68,4778400,62.16
2003-03-06,65.78,66.01,65.08,65.60,4216700,61.16
2003-03-05,65.80,67.10,65.57,66.30,5803600,61.81
2003-03-04,68.02,68.02,65.69,65.69,5546500,61.24
2003-03-03,69.45,70.55,67.74,68.02,4351200,63.41
2003-02-28,67.90,69.45,67.80,69.45,4339200,64.75
2003-02-27,66.70,68.00,66.31,67.69,3784900,63.11
2003-02-26,66.59,66.96,65.74,66.48,3781300,61.98
2003-02-25,66.20,66.83,64.85,66.59,4219700,62.08
2003-02-24,68.51,68.51,66.00,66.20,3699700,61.72
2003-02-21,67.74,68.80,66.92,68.50,3929700,63.86
2003-02-20,68.40,68.77,67.61,67.74,2627300,63.15
2003-02-19,68.01,68.40,67.37,68.23,3237300,63.61
2003-02-18,67.24,68.89,67.20,68.00,3094400,63.40
2003-02-14,65.00,66.70,64.30,66.70,4641100,62.18
2003-02-13,64.40,65.30,63.75,64.92,3704700,60.52
2003-02-12,65.06,66.05,64.04,64.30,3376400,59.95
2003-02-11,66.30,66.96,64.83,65.05,3837700,60.65
2003-02-10,65.70,66.25,64.68,65.74,3764900,61.29
2003-02-07,66.66,67.75,65.49,65.70,3519900,61.25
2003-02-06,67.42,67.90,66.52,66.65,3651600,62.14
2003-02-05,67.53,68.98,67.41,67.41,3566500,62.85
2003-02-04,69.26,69.26,67.04,67.52,3723200,62.95
2003-02-03,68.10,69.75,68.10,69.25,3164500,64.56
2003-01-31,67.14,68.85,66.95,68.10,4561800,63.49
2003-01-30,69.52,69.77,67.26,67.40,3152200,62.84
2003-01-29,69.06,70.01,67.50,69.51,3779200,64.80
2003-01-28,68.41,69.54,67.77,69.05,3276600,64.37
2003-01-27,68.75,69.65,67.69,68.40,3978400,63.77
2003-01-24,71.40,71.92,68.59,69.15,4135700,64.47
2003-01-23,71.00,72.20,70.31,71.92,3456400,66.94
2003-01-22,71.01,71.56,70.01,70.25,3137900,65.38
2003-01-21,73.00,73.35,71.00,71.00,3094300,66.08
2003-01-17,73.63,73.63,71.96,72.58,4294400,67.55
2003-01-16,73.45,74.40,73.15,73.62,3552900,68.52
2003-01-15,74.33,74.55,73.13,73.51,3401000,68.42
2003-01-14,73.90,75.60,73.52,74.70,2850200,69.53
2003-01-13,75.20,75.74,74.20,74.42,3096400,69.26
2003-01-10,72.99,75.75,72.80,74.92,5156300,69.73
2003-01-09,72.50,73.80,71.70,73.72,3924000,68.61
2003-01-08,72.71,72.77,70.68,70.92,3265200,66.01
2003-01-07,72.10,73.50,71.50,72.70,4606900,67.66
2003-01-06,70.02,73.44,70.00,73.00,4337600,67.94
2003-01-03,69.66,70.60,69.62,70.38,2342800,65.50
2003-01-02,68.10,70.80,68.00,69.65,4025400,64.83
2002-12-31,68.20,68.45,67.23,68.10,2286100,63.38
2002-12-30,68.25,68.56,67.00,68.14,3156200,63.42
2002-12-27,69.56,69.90,67.52,67.92,2594400,63.22
2002-12-26,69.80,70.64,69.33,69.55,2056700,64.73
2002-12-24,70.66,70.66,69.06,69.37,2116300,64.45
2002-12-23,71.03,71.56,70.36,70.65,2713800,65.64
2002-12-20,70.50,72.40,70.50,71.86,6796800,66.77
2002-12-19,73.70,74.24,70.02,70.30,7784500,65.32
2002-12-18,74.10,74.85,72.70,73.70,3051500,68.48
2002-12-17,74.30,75.75,74.15,74.69,2768200,69.40
2002-12-16,73.10,74.78,73.04,74.53,3449100,69.25
2002-12-13,74.24,74.24,72.67,73.10,2396900,67.92
2002-12-12,73.64,74.69,73.15,74.23,2533100,68.97
2002-12-11,74.01,74.47,72.84,73.47,2576100,68.26
2002-12-10,73.51,74.86,72.57,74.00,3444100,68.75
2002-12-09,74.51,74.51,72.53,73.45,3096700,68.24
2002-12-06,73.10,75.20,73.01,74.50,4222000,69.22
2002-12-05,75.85,76.32,74.05,74.45,3153700,69.17
2002-12-04,78.51,78.51,75.50,76.35,5014400,70.94
2002-12-03,78.79,78.89,77.65,78.50,3521300,72.94
2002-12-02,78.88,80.90,78.16,78.78,3595200,73.20
2002-11-29,79.65,80.00,78.81,78.87,1176800,73.28
2002-11-27,77.40,80.35,77.40,79.64,3681900,73.99
2002-11-26,79.01,79.01,76.61,76.83,3379000,71.38
2002-11-25,79.12,79.90,77.78,79.00,3859400,73.40
2002-11-22,79.01,80.28,79.00,79.11,3367500,73.50
2002-11-21,77.75,81.00,77.75,79.95,6904100,74.28
2002-11-20,75.09,77.90,74.53,77.41,3704200,71.92
2002-11-19,75.43,76.40,74.52,75.08,2429300,69.76
2002-11-18,75.70,76.59,74.95,75.42,4271100,70.07
2002-11-15,74.99,75.64,73.36,75.25,4074800,69.92
2002-11-14,73.40,75.15,73.40,74.99,3404000,69.67
2002-11-13,72.07,73.05,71.15,72.49,4128900,67.35
2002-11-12,71.78,73.08,71.28,72.07,3742600,66.96
2002-11-11,73.09,73.10,71.31,71.78,3222000,66.69
2002-11-08,74.10,74.95,72.83,73.08,2810500,67.90
2002-11-07,76.56,78.50,73.60,74.05,4406900,68.80
2002-11-06,76.74,77.10,74.79,76.55,5795400,71.12
2002-11-05,75.96,76.98,75.40,76.74,3444500,71.30
2002-11-04,74.98,78.00,73.45,75.96,6394800,70.58
2002-11-01,71.60,74.24,71.00,73.45,3859700,68.24
2002-10-31,72.36,72.75,71.51,71.60,2815700,66.52
2002-10-30,72.36,72.94,71.50,72.36,4184800,67.23
2002-10-29,73.49,73.69,71.20,72.37,6480400,67.24
2002-10-28,74.90,75.35,73.22,73.58,3720600,68.36
2002-10-25,72.50,74.25,72.00,73.99,3831800,68.75
2002-10-24,74.27,74.90,71.94,72.50,4184700,67.36
2002-10-23,71.85,74.31,71.28,74.27,4837100,68.89
2002-10-22,72.73,73.87,72.15,72.50,4943700,67.25
2002-10-21,70.00,74.84,69.40,74.70,8094700,69.29
2002-10-18,70.85,72.40,70.02,70.55,6406100,65.44
2002-10-17,70.69,72.48,70.25,72.48,7545300,67.23
2002-10-16,69.00,69.35,67.50,68.00,6362800,63.08
2002-10-15,68.00,70.11,67.25,70.00,8429200,64.93
2002-10-14,63.60,65.82,63.41,65.30,4544900,60.57
2002-10-11,62.70,65.14,62.70,64.20,6291000,59.55
2002-10-10,59.27,61.64,58.57,61.08,6496500,56.66
2002-10-09,60.30,61.20,58.85,59.28,6286300,54.99
2002-10-08,60.45,62.50,58.80,61.60,6731400,57.14
2002-10-07,61.55,62.35,59.40,59.53,6671000,55.22
2002-10-04,63.25,63.90,61.17,62.05,6589200,57.56
2002-10-03,65.40,65.41,62.75,62.90,7632400,58.35
2002-10-02,68.46,68.46,65.40,65.55,6330000,60.81
2002-10-01,66.50,68.80,65.08,68.45,5385500,63.50
2002-09-30,65.95,66.74,64.49,66.03,6261500,61.25
2002-09-27,67.55,68.89,66.00,66.13,4589500,61.34
2002-09-26,67.45,68.49,66.52,68.04,4668600,63.12
2002-09-25,67.25,67.45,64.50,67.45,6753300,62.57
2002-09-24,65.67,68.50,65.67,66.31,7503500,61.51
2002-09-23,66.10,66.20,64.50,65.67,6611700,60.92
2002-09-20,67.35,68.20,66.30,67.36,5547300,62.48
2002-09-19,69.38,69.39,67.10,67.15,6025500,62.29
2002-09-18,69.50,70.99,69.10,70.41,5394800,65.31
2002-09-17,73.45,73.69,70.69,70.87,4528400,65.74
2002-09-16,72.80,72.81,71.82,72.60,2142200,67.34
2002-09-13,72.05,73.30,71.85,73.00,3015400,67.72
2002-09-12,73.15,73.48,72.06,72.20,3514100,66.97
2002-09-11,74.75,75.25,73.45,73.69,2877900,68.36
2002-09-10,74.25,74.25,73.11,73.41,2995400,68.10
2002-09-09,71.70,74.90,71.29,74.30,4644100,68.92
2002-09-06,74.00,74.50,72.18,72.34,4495800,67.10
2002-09-05,73.30,73.99,72.04,72.89,7152200,67.61
2002-09-04,73.75,75.74,73.26,75.50,5099900,70.04
2002-09-03,76.06,76.10,73.50,73.75,5698000,68.41
2002-08-30,77.38,79.10,76.70,77.30,2988400,71.70
2002-08-29,75.75,77.85,75.50,77.38,3967100,71.78
2002-08-28,78.30,78.36,76.30,77.08,4212500,71.50
2002-08-27,80.03,80.74,78.68,79.10,3730600,73.37
2002-08-26,78.85,79.95,77.55,79.75,2462400,73.98
2002-08-23,79.10,79.10,77.51,78.30,2529800,72.63
2002-08-22,79.65,79.99,78.70,79.91,3525000,74.13
2002-08-21,79.95,80.00,78.40,79.88,5257300,74.10
2002-08-20,81.25,81.35,79.83,80.51,4701400,74.68
2002-08-19,79.53,81.97,79.23,81.50,4848700,75.60
2002-08-16,79.15,80.14,78.10,79.53,5253900,73.77
2002-08-15,79.00,79.90,77.81,79.55,7417400,73.79
2002-08-14,74.79,78.75,74.42,78.50,7010600,72.82
2002-08-13,75.23,77.90,74.21,74.79,7971500,69.38
2002-08-12,74.75,75.80,73.79,75.35,4323900,69.90
2002-08-09,73.70,75.88,73.13,75.45,4399600,69.99
2002-08-08,71.10,74.90,70.95,74.30,5175000,68.92
2002-08-07,70.85,71.44,68.90,70.95,5223800,65.81
2002-08-06,69.35,71.48,68.75,69.90,5498900,64.84
2002-08-05,70.49,70.49,67.75,68.05,4555300,63.12
2002-08-02,71.50,72.00,69.75,70.49,3932600,65.39
2002-08-01,73.15,74.18,71.73,71.99,3826900,66.78
2002-07-31,73.91,74.49,72.10,73.15,5047700,67.86
2002-07-30,72.20,75.15,72.05,73.90,5524200,68.55
2002-07-29,71.55,72.70,71.10,72.70,5980700,67.44
2002-07-26,69.50,69.90,68.20,69.58,5700700,64.54
2002-07-25,69.90,71.85,67.30,69.31,8214700,64.18
2002-07-24,67.73,71.29,65.55,70.85,12852000,65.61
2002-07-23,71.55,71.71,67.22,67.73,14447700,62.72
2002-07-22,74.50,74.70,71.85,72.00,18432400,66.67
2002-07-19,74.30,77.00,70.96,77.00,55185900,71.30
2002-07-18,74.49,76.01,74.20,75.60,8952500,70.01
2002-07-17,76.63,76.63,71.73,74.48,7505700,68.97
2002-07-16,71.53,73.15,71.40,72.65,6129200,67.27
2002-07-15,73.07,73.10,70.42,72.95,5979800,67.55
2002-07-12,72.75,73.77,72.12,73.15,4583400,67.74
2002-07-11,71.51,73.25,69.93,73.25,8892300,67.83
2002-07-10,73.35,74.40,70.99,71.55,11826900,66.26
2002-07-09,73.10,74.25,70.83,70.91,4185300,65.66
2002-07-08,73.75,74.99,73.05,73.60,3157000,68.15
2002-07-05,71.75,74.20,71.47,73.95,2084900,68.48
2002-07-03,69.91,70.95,69.10,70.20,3413900,65.01
2002-07-02,70.52,71.40,69.91,70.70,3978400,65.47
2002-07-01,73.75,74.27,71.00,71.14,3114800,65.88
2002-06-28,72.50,74.40,72.50,73.35,3451600,67.92
2002-06-27,72.00,73.00,70.67,73.00,4063800,67.60
2002-06-26,69.35,71.25,69.03,70.80,5441300,65.56
2002-06-25,72.45,73.71,71.35,71.35,5773000,66.07
2002-06-24,70.60,72.07,69.38,71.45,5527100,66.16
2002-06-21,72.71,72.90,70.15,70.55,4400100,65.33
2002-06-20,73.85,74.15,72.25,72.70,3556400,67.32
2002-06-19,74.90,75.69,74.03,74.45,2671000,68.94
2002-06-18,75.00,77.02,73.89,75.78,2993400,70.17
2002-06-17,73.20,75.50,73.20,75.34,3078200,69.77
2002-06-14,70.11,73.20,70.00,72.85,3239700,67.46
2002-06-13,72.38,72.91,71.15,71.30,2234200,66.02
2002-06-12,72.10,72.75,70.10,72.50,4614700,67.14
2002-06-11,75.00,75.33,72.10,72.10,2176300,66.77
2002-06-10,74.25,75.60,73.20,74.74,2265700,69.21
2002-06-07,72.75,74.96,72.50,73.95,3165700,68.48
2002-06-06,75.55,76.00,73.33,73.95,2711600,68.48
2002-06-05,74.80,75.75,74.36,75.75,3781800,70.15
2002-06-04,73.80,74.60,73.14,73.80,4054500,68.34
2002-06-03,75.45,75.80,73.39,73.79,3018900,68.33
2002-05-31,75.25,76.94,75.20,75.45,2759000,69.87
2002-05-30,76.15,76.30,74.25,75.08,3467600,69.52
2002-05-29,76.70,76.80,75.82,76.15,2049300,70.52
2002-05-28,78.30,78.39,75.81,76.90,2628600,71.21
2002-05-24,78.80,79.06,77.76,78.19,1150000,72.40
2002-05-23,78.75,79.45,77.85,79.17,3379600,73.31
2002-05-22,78.95,79.12,77.66,78.20,3699500,72.41
2002-05-21,80.58,82.10,78.76,79.20,3338600,73.34
2002-05-20,80.40,80.48,79.60,80.24,1968800,74.30
2002-05-17,80.70,80.85,79.73,80.50,3149600,74.54
2002-05-16,79.63,80.50,79.40,80.05,2797900,74.13
2002-05-15,79.20,80.50,78.62,79.46,3011500,73.58
2002-05-14,79.85,80.10,78.20,79.30,3574300,73.43
2002-05-13,76.65,78.49,75.97,78.11,2864100,72.33
2002-05-10,78.64,78.64,76.25,76.75,2895700,71.07
2002-05-09,78.90,79.60,78.30,78.64,3616700,72.82
2002-05-08,76.57,80.10,76.57,79.50,4604100,73.62
2002-05-07,76.00,76.10,74.00,74.85,4740400,69.31
2002-05-06,78.80,79.09,75.15,75.16,3258900,69.60
2002-05-03,80.31,80.32,78.45,78.55,3450400,72.74
2002-05-02,80.00,81.00,79.80,80.71,4576800,74.74
2002-05-01,78.55,79.75,77.00,79.21,4153900,73.35
2002-04-30,78.25,79.95,78.00,78.75,3802700,72.92
2002-04-29,79.16,80.70,77.47,78.50,4251500,72.69
2002-04-26,79.00,79.95,78.70,79.15,5930300,73.29
2002-04-25,79.00,79.60,75.80,77.21,5830000,71.39
2002-04-24,82.20,82.38,79.49,79.49,4664200,73.49
2002-04-23,84.20,84.35,81.60,81.60,3413800,75.44
2002-04-22,85.50,86.05,84.10,84.10,2826500,77.76
2002-04-19,85.00,87.00,84.64,86.31,3567900,79.80
2002-04-18,85.06,85.50,83.26,84.52,2494900,78.14
2002-04-17,84.63,86.47,83.95,85.05,2970700,78.63
2002-04-16,82.35,85.23,82.35,84.59,3260500,78.21
2002-04-15,82.53,83.44,81.45,81.60,2664100,75.44
2002-04-12,81.75,83.01,81.65,83.00,5215500,76.74
2002-04-11,83.90,84.10,80.35,81.24,5272100,75.11
2002-04-10,84.80,85.59,83.22,84.49,3825200,78.12
2002-04-09,85.85,86.85,84.51,84.60,2844800,78.22
2002-04-08,85.05,86.30,84.95,86.06,2538600,79.57
2002-04-05,87.25,87.87,86.00,86.15,2209900,79.65
2002-04-04,86.10,87.50,85.80,86.55,2075300,80.02
2002-04-03,87.75,87.90,86.09,86.46,2619200,79.94
2002-04-02,87.70,88.25,87.24,87.53,2226100,80.93
2002-04-01,89.40,89.45,88.00,88.47,2711500,81.80
2002-03-28,89.10,90.95,88.96,90.25,2696000,83.44
2002-03-27,89.73,89.88,88.69,89.30,2372600,82.56
2002-03-26,88.05,89.80,87.98,88.85,2990200,82.15
2002-03-25,89.85,90.19,87.95,88.03,2448400,81.39
2002-03-22,90.05,90.85,89.25,89.73,2064000,82.96
2002-03-21,89.50,91.00,88.70,90.35,2097700,83.53
2002-03-20,90.45,91.15,89.50,89.85,2511600,83.07
2002-03-19,90.95,91.40,90.30,91.05,3836000,84.18
2002-03-18,90.00,91.00,89.00,89.20,2595300,82.47
2002-03-15,88.95,90.03,88.25,90.00,1905900,83.21
2002-03-14,88.01,88.60,87.20,88.40,1857100,81.73
2002-03-13,89.80,89.80,87.63,88.00,2817500,81.36
2002-03-12,89.30,90.61,88.99,89.80,2705200,83.03
2002-03-11,90.29,91.50,89.64,90.70,2281900,83.86
2002-03-08,90.20,91.60,89.12,90.29,3537500,83.48
2002-03-07,91.40,92.25,89.30,89.96,3274000,83.17
2002-03-06,90.10,91.50,88.80,90.87,5212700,84.02
2002-03-05,89.00,90.52,88.10,89.52,4597900,82.77
2002-03-04,84.45,89.50,84.30,89.10,4760300,82.38
2002-03-01,81.50,83.66,80.85,83.47,3703200,77.17
2002-02-28,81.20,82.50,80.65,80.94,2704600,74.83
2002-02-27,82.05,83.20,80.25,80.89,3410600,74.79
2002-02-26,81.96,82.75,80.75,81.40,2792900,75.26
2002-02-25,79.70,82.00,78.78,81.96,3690900,75.78
2002-02-22,79.48,79.50,77.75,79.00,4342500,73.04
2002-02-21,80.10,82.80,79.10,79.47,3944600,73.48
2002-02-20,78.50,80.60,77.52,80.60,5059900,74.52
2002-02-19,82.76,82.77,78.15,78.52,6216300,72.60
2002-02-15,85.11,85.11,82.61,82.76,3673000,76.52
2002-02-14,85.45,86.50,84.60,85.11,3575400,78.69
2002-02-13,83.75,85.39,83.73,84.58,2525500,78.20
2002-02-12,84.70,84.71,83.48,83.50,2249600,77.20
2002-02-11,83.10,84.98,82.60,84.85,2537800,78.45
2002-02-08,81.90,84.50,81.64,83.80,3830700,77.48
2002-02-07,82.00,83.37,80.17,81.11,4107300,74.99
2002-02-06,81.10,82.30,80.11,81.90,4392100,75.72
2002-02-05,81.80,82.56,80.52,81.04,3495300,74.93
2002-02-04,84.20,84.50,81.50,82.50,4878400,76.28
2002-01-31,86.50,87.20,84.66,86.98,4017700,80.42
2002-01-30,84.48,86.09,81.60,86.00,6734500,79.51
2002-01-29,88.80,88.80,83.65,84.48,5562400,78.11
2002-01-28,88.50,88.96,86.90,87.85,2791500,81.22
2002-01-25,85.39,88.68,85.35,87.30,4547500,80.72
2002-01-24,87.99,89.49,85.06,85.50,4284200,79.05
2002-01-23,87.10,88.38,85.78,87.25,3026600,80.67
2002-01-22,89.25,89.64,86.76,86.98,3138900,80.42
2002-01-18,89.00,89.80,88.21,89.21,2703600,82.48
2002-01-17,89.45,91.00,89.10,89.86,3029000,83.08
2002-01-16,89.00,89.75,88.03,88.63,3356600,81.83
2002-01-15,90.20,91.00,89.50,89.90,2779700,83.01
2002-01-14,91.00,91.01,89.21,89.97,3127400,83.07
2002-01-11,93.05,93.05,90.71,91.15,3635000,84.16
2002-01-10,93.75,94.20,92.60,93.00,3104600,85.87
2002-01-09,93.00,95.02,92.90,93.75,5142100,86.56
2002-01-08,93.25,93.55,92.20,92.50,5830800,85.41
2002-01-07,97.25,97.25,95.05,95.75,3136700,88.41
2002-01-04,94.35,96.78,94.35,96.75,5745900,89.33
2002-01-03,91.07,92.65,90.77,92.45,2645700,85.36
2002-01-02,92.80,92.81,89.27,91.07,3592600,84.09
2001-12-31,93.03,93.80,92.72,92.75,1228700,85.64
2001-12-28,92.70,93.79,92.34,93.27,1392600,86.12
2001-12-27,91.80,92.95,91.80,92.12,1705200,85.06
2001-12-26,92.41,93.70,92.10,92.80,1253200,85.68
2001-12-24,92.31,92.76,92.01,92.47,758000,85.38
2001-12-21,92.31,92.72,91.12,92.31,2180000,85.23
2001-12-20,94.00,94.74,92.01,92.31,3428700,85.23
2001-12-19,90.65,94.48,90.20,94.41,4382000,87.17
2001-12-18,89.14,90.85,88.70,90.80,2279700,83.84
2001-12-17,89.66,90.50,88.70,89.14,2026800,82.30
2001-12-14,91.10,91.75,88.50,89.66,3337900,82.78
2001-12-13,91.11,93.02,90.75,91.00,2442800,84.02
2001-12-12,91.85,92.80,90.80,92.73,2383700,85.62
2001-12-11,91.36,93.60,90.86,91.82,2705000,84.78
2001-12-10,91.50,92.20,90.90,91.35,1429700,84.35
2001-12-07,93.70,93.71,91.20,91.61,3220700,84.59
2001-12-06,92.40,95.17,92.05,93.90,4878900,86.70
2001-12-05,89.15,92.40,88.75,92.40,4415900,85.31
2001-12-04,87.00,87.67,85.77,87.17,2795000,80.49
2001-12-03,88.00,88.00,85.55,86.01,2880100,79.41
2001-11-30,88.75,89.35,87.55,89.00,2567900,82.18
2001-11-29,86.81,89.60,85.78,89.35,3860100,82.50
2001-11-28,89.60,89.79,86.50,86.81,3780000,80.15
2001-11-27,90.35,90.95,89.65,90.00,2477900,83.10
2001-11-26,90.05,91.94,80.80,91.44,1847400,84.43
2001-11-23,88.80,90.40,88.64,90.15,837500,83.24
2001-11-21,88.90,89.30,87.50,88.15,1806400,81.39
2001-11-20,90.05,91.24,89.20,89.75,1912900,82.87
2001-11-19,88.75,90.55,88.49,90.55,2483500,83.61
2001-11-16,88.60,88.85,87.50,87.75,2354900,81.02
2001-11-15,89.69,90.70,88.23,88.70,4265000,81.90
2001-11-14,92.75,92.75,90.60,91.50,3968800,84.48
2001-11-13,89.95,91.50,89.84,91.05,3791200,84.07
2001-11-12,86.86,88.10,85.50,88.10,2217300,81.34
2001-11-09,86.30,87.75,85.40,86.86,1373300,80.20
2001-11-08,87.70,88.80,86.58,86.70,2934000,80.05
2001-11-07,86.00,87.66,85.55,87.50,3268700,80.79
2001-11-06,84.40,86.60,84.00,86.50,3426500,79.87
2001-11-05,83.75,85.40,83.33,84.71,3141900,78.21
2001-11-02,80.50,82.45,80.30,82.25,2721800,75.94
2001-11-01,78.50,80.80,77.31,80.70,3166800,74.51
2001-10-31,81.15,81.50,78.00,78.16,3360800,72.17
2001-10-30,80.20,81.35,79.10,80.05,2467000,73.91
2001-10-29,83.12,83.12,80.85,80.85,2224900,74.65
2001-10-26,81.15,83.25,81.12,83.12,2734200,76.75
2001-10-25,79.70,81.50,78.65,81.40,3672800,75.16
2001-10-24,81.61,81.85,80.15,80.50,2523500,74.22
2001-10-23,81.61,83.00,81.40,81.60,2332100,75.23
2001-10-22,79.75,81.94,79.51,81.60,4297200,75.23
2001-10-19,81.05,81.06,79.15,79.75,3832200,73.52
2001-10-18,82.20,83.45,80.81,81.41,3086300,75.06
2001-10-17,85.60,86.07,82.06,82.07,3978900,75.66
2001-10-16,84.60,86.50,83.60,84.25,3315600,77.67
2001-10-15,82.55,85.09,81.52,84.40,3382300,77.81
2001-10-12,82.85,83.70,80.75,82.80,3623000,76.34
2001-10-11,82.00,85.35,82.00,83.85,6393700,77.30
2001-10-10,77.93,81.20,77.30,80.71,3811500,74.41
2001-10-09,75.40,78.15,75.00,77.93,2759300,71.85
2001-10-08,76.26,76.60,74.35,75.30,3023300,69.42
2001-10-05,79.01,79.01,75.88,76.25,5424500,70.30
2001-10-04,76.70,80.00,76.33,79.00,6241700,72.83
2001-10-03,73.35,76.95,72.88,76.69,3492500,70.70
2001-10-02,73.60,74.30,72.43,73.60,3034600,67.85
2001-10-01,71.36,74.50,71.00,73.50,3606900,67.76
2001-09-28,69.60,72.90,69.51,71.35,3247900,65.78
2001-09-27,69.85,69.85,66.93,68.90,4743900,63.52
2001-09-26,72.00,72.00,69.85,69.85,4862800,64.40
2001-09-25,70.50,72.23,69.60,70.03,3666700,64.56
2001-09-24,69.75,71.49,69.56,70.51,3071100,65.01
2001-09-21,65.76,68.25,63.29,67.69,5421300,62.41
2001-09-20,65.75,67.34,64.10,65.75,3923900,60.62
2001-09-19,67.80,68.50,63.27,67.51,5888500,62.24
2001-09-18,69.90,70.00,66.28,67.50,3562500,62.23
2001-09-17,72.30,72.31,68.58,69.40,5765800,63.98
2001-09-10,74.48,76.76,73.50,76.20,2558900,70.25
2001-09-07,77.10,77.40,74.00,74.48,3726700,68.67
2001-09-06,78.00,78.80,76.65,77.10,2891400,71.08
2001-09-05,80.65,81.40,78.10,78.55,3372100,72.42
2001-09-04,79.95,81.45,79.25,79.62,2620700,73.41
2001-08-31,79.70,81.40,79.01,80.10,2008900,73.85
2001-08-30,80.05,80.30,78.50,79.61,3152600,73.40
2001-08-29,81.05,81.55,79.80,80.80,2578800,74.49
2001-08-28,81.90,82.03,80.51,81.05,3512900,74.72
2001-08-27,81.30,82.80,80.50,81.90,2368800,75.51
2001-08-24,78.00,81.50,77.90,81.30,2903600,74.95
2001-08-23,77.27,77.98,76.80,77.70,2108800,71.63
2001-08-22,75.41,77.50,75.05,77.50,4084400,71.45
2001-08-21,77.83,79.69,75.40,75.40,3768800,69.51
2001-08-20,77.26,78.06,77.26,77.84,2560400,71.76
2001-08-17,80.05,80.15,77.05,77.25,4275400,71.22
2001-08-16,81.30,81.85,79.96,81.10,2545200,74.77
2001-08-15,81.50,82.17,80.81,81.85,2309300,75.46
2001-08-14,82.20,83.40,81.30,81.30,2258600,74.95
2001-08-13,80.15,82.59,79.95,82.20,2396800,75.78
2001-08-10,79.81,80.80,78.55,80.80,2591000,74.49
2001-08-09,80.60,80.76,78.95,80.05,3954300,73.80
2001-08-08,82.90,83.95,81.80,81.80,1921200,75.41
2001-08-07,83.68,84.18,82.77,83.54,1744000,77.02
2001-08-06,84.85,85.05,83.70,83.95,1228500,77.40
2001-08-03,86.10,86.50,84.85,85.50,1420400,78.83
2001-08-02,85.95,87.50,85.94,86.30,2010800,79.56
2001-08-01,83.50,85.90,83.40,85.35,2082200,78.69
2001-07-31,82.45,84.90,82.07,83.16,2308100,76.67
2001-07-30,83.85,84.75,82.06,82.69,2174700,76.24
2001-07-27,84.52,86.08,83.60,84.82,1770100,78.20
2001-07-26,82.80,85.00,81.80,84.64,2567400,77.92
2001-07-25,81.95,83.20,81.15,83.20,1863500,76.60
2001-07-24,81.30,82.56,80.75,81.85,2487700,75.35
2001-07-23,83.75,84.97,81.59,81.74,3210700,75.25
2001-07-20,82.85,83.80,82.05,82.95,2190000,76.37
2001-07-19,85.00,85.50,81.65,83.00,2470600,76.41
2001-07-18,83.85,85.10,82.30,84.00,2376100,77.33
2001-07-17,82.90,86.47,81.65,85.85,2687400,79.04
2001-07-16,85.90,87.14,82.00,83.40,2713000,76.78
2001-07-13,86.00,88.00,85.62,86.15,1880300,79.31
2001-07-12,83.50,86.85,83.08,86.55,3151600,79.68
2001-07-11,81.25,81.95,80.00,81.60,2863700,75.12
2001-07-10,82.25,82.85,81.14,81.60,2444600,75.12
2001-07-09,82.60,82.90,81.25,81.91,2765400,75.41
2001-07-06,83.75,83.75,81.70,83.10,2206600,76.50
2001-07-05,83.75,85.39,83.50,84.00,2055300,77.33
2001-07-03,84.60,85.15,83.75,84.00,1789700,77.33
2001-07-02,85.95,85.95,84.45,84.60,2441400,77.89
2001-06-29,87.00,87.24,84.50,85.80,4347900,78.99
2001-06-28,88.10,89.85,86.24,86.60,3007200,79.73
2001-06-27,89.01,91.50,87.50,87.50,3496800,80.56
2001-06-26,89.00,90.30,87.50,90.30,3260600,83.13
2001-06-25,92.85,92.85,90.60,90.95,1260700,83.73
2001-06-22,92.40,92.85,91.09,92.10,2606300,84.79
2001-06-21,87.75,93.51,87.75,93.00,3880900,85.62
2001-06-20,87.60,89.00,86.43,88.40,3849500,81.38
2001-06-19,90.50,91.50,87.75,88.18,4292900,81.18
2001-06-18,88.80,89.88,88.00,88.65,1799400,81.61
2001-06-15,86.75,90.00,86.05,89.29,3025300,82.20
2001-06-14,89.05,89.45,87.00,87.01,2714200,80.10
2001-06-13,91.56,92.98,89.07,89.16,2178300,82.08
2001-06-12,91.20,91.95,90.06,91.86,2592500,84.57
2001-06-11,95.20,95.65,91.90,92.01,2673700,84.71
2001-06-08,96.90,96.90,95.25,95.36,924900,87.79
2001-06-07,95.54,97.07,94.56,96.90,1536900,89.21
2001-06-06,96.30,96.30,94.69,95.54,1962000,87.96
2001-06-05,97.10,98.14,97.00,97.35,1376800,89.62
2001-06-04,96.20,96.90,95.25,96.51,1198400,88.85
2001-06-01,95.49,96.70,93.90,96.70,1920900,89.03
2001-05-31,94.55,95.85,94.49,95.10,1893200,87.55
2001-05-30,95.55,96.75,94.40,94.76,2355000,87.24
2001-05-29,97.50,97.60,95.21,96.88,2251400,89.19
2001-05-25,99.90,99.90,97.52,97.96,1234800,90.19
2001-05-24,99.00,100.25,98.05,99.85,1817000,91.93
2001-05-23,102.29,102.30,99.20,99.30,3134600,91.42
2001-05-22,102.60,105.15,102.31,103.29,2288500,95.09
2001-05-21,97.75,101.99,97.00,101.90,2332600,93.81
2001-05-18,97.90,97.90,96.75,97.25,1977200,89.53
2001-05-17,99.25,100.60,97.85,97.95,2270500,90.18
2001-05-16,94.60,99.95,92.50,99.95,3089700,92.02
2001-05-15,94.11,95.70,93.20,94.85,2560400,87.32
2001-05-14,92.40,94.25,92.28,94.10,1616200,86.63
2001-05-11,94.40,97.00,92.50,92.85,2591600,85.48
2001-05-10,95.91,97.65,94.49,94.51,1935600,87.01
2001-05-09,94.94,96.15,94.45,94.66,1931800,87.15
2001-05-08,96.10,96.55,95.02,95.25,1935100,87.69
2001-05-07,96.20,98.20,95.69,96.01,2135600,88.39
2001-05-04,94.00,97.80,93.80,97.20,3000400,89.49
2001-05-03,96.15,96.75,95.14,96.00,3092900,88.38
2001-05-02,94.40,98.50,93.95,98.00,4391200,90.22
2001-05-01,90.00,93.10,89.29,92.65,3781600,85.30
2001-04-30,95.08,95.08,91.00,91.10,2716800,83.87
2001-04-27,92.00,94.69,91.95,92.94,4054700,85.56
2001-04-26,92.82,96.10,91.50,92.49,4163200,85.15
2001-04-25,90.00,93.30,89.70,92.82,3109700,85.45
2001-04-24,92.70,93.74,91.15,91.40,2786500,84.15
2001-04-23,94.00,94.75,92.50,92.96,2063400,85.58
2001-04-20,95.50,96.45,94.50,95.66,2297300,88.07
2001-04-19,98.15,99.89,95.50,97.69,3918600,89.83
2001-04-18,95.25,102.50,95.10,99.65,5979300,91.63
2001-04-17,90.80,94.50,90.55,93.10,2838900,85.61
2001-04-16,94.00,94.25,91.78,91.78,2725300,84.39
2001-04-12,89.60,94.00,89.10,94.00,3024400,86.43
2001-04-11,91.50,91.95,89.50,91.30,3427000,83.95
2001-04-10,85.60,89.48,85.51,87.81,2955000,80.74
2001-04-09,85.75,87.25,82.61,84.00,2884500,77.24
2001-04-06,84.00,85.56,82.84,84.20,4452100,77.42
2001-04-05,80.00,86.00,79.90,86.00,5193500,79.08
2001-04-04,80.60,81.75,77.00,77.53,6130100,71.29
2001-04-03,84.10,84.90,80.98,81.31,3203600,74.76
2001-04-02,85.10,87.20,84.00,84.16,2939800,77.39
2001-03-30,87.90,89.47,85.10,85.10,2855900,78.25
2001-03-29,86.68,89.65,86.00,88.10,3472000,81.01
2001-03-28,92.00,92.00,86.50,87.25,4127400,80.23
2001-03-27,87.75,93.50,87.40,93.50,3700100,85.97
2001-03-26,89.81,92.50,88.57,89.24,3292600,82.06
2001-03-23,87.50,89.88,86.90,89.81,4026900,82.58
2001-03-22,84.75,88.50,81.00,85.91,5776900,78.99
2001-03-21,87.10,89.50,84.85,85.00,5204200,78.16
2001-03-20,92.00,92.50,87.06,87.06,7271300,80.05
2001-03-19,89.00,91.55,88.25,90.94,3205100,83.62
2001-03-16,90.50,91.00,87.05,87.55,4385300,80.50
2001-03-15,86.00,89.91,85.85,87.95,4706900,80.87
2001-03-14,84.90,87.89,83.11,83.91,6390800,77.16
2001-03-13,84.75,87.75,83.50,87.51,4596400,80.47
2001-03-12,86.05,86.50,81.57,82.49,4860800,75.85
2001-03-09,91.61,91.62,86.90,87.00,2968600,80.00
2001-03-08,94.85,95.70,90.65,91.75,3078300,84.36
2001-03-07,95.11,95.65,92.65,94.95,3780200,87.31
2001-03-06,93.95,97.50,93.35,95.35,3156800,87.67
2001-03-05,91.40,93.00,88.72,92.15,2837300,84.73
2001-03-02,90.30,93.60,89.10,91.40,4105500,84.04
2001-03-01,89.40,91.80,87.20,91.61,5330800,84.24
2001-02-28,97.10,97.11,91.27,91.75,4745600,84.36
2001-02-27,97.75,100.50,96.51,98.34,4132200,90.42
2001-02-26,96.15,98.50,92.63,98.30,3882100,90.39
2001-02-23,96.20,97.10,90.25,96.04,4350600,88.31
2001-02-22,94.41,97.50,91.26,97.20,4517900,89.38
2001-02-21,96.00,98.60,93.61,94.40,4273900,86.80
2001-02-20,102.10,102.11,94.35,96.00,3273600,88.27
2001-02-16,104.50,105.30,101.30,101.50,2620200,93.33
2001-02-15,105.95,108.25,103.70,107.20,3020000,98.57
2001-02-14,106.40,106.50,103.39,104.25,2401000,95.86
2001-02-13,109.90,110.65,105.00,105.90,2213400,97.38
2001-02-12,107.70,109.50,105.50,109.50,1952500,100.69
2001-02-09,105.10,109.00,103.10,107.75,2742100,99.08
2001-02-08,105.70,108.45,105.30,105.95,2716600,97.42
2001-02-07,109.40,109.95,104.08,105.20,3138200,96.73
2001-02-06,112.95,112.95,108.35,108.95,2246600,100.18
2001-02-05,113.75,114.00,111.25,112.10,2540100,103.08
2001-02-02,117.60,118.85,113.95,113.96,2158900,104.79
2001-02-01,114.90,118.50,114.50,118.20,2579800,108.69
2001-01-31,118.62,119.75,113.08,113.75,3500600,104.59
2001-01-30,116.90,118.70,114.06,118.62,1700000,109.07
2001-01-29,114.50,117.75,114.50,115.91,1630200,106.58
2001-01-26,113.00,115.00,111.56,114.69,2446000,105.46
2001-01-25,117.88,117.88,113.12,113.56,2724100,104.42
2001-01-24,115.00,120.00,114.00,117.88,5110600,108.39
2001-01-23,114.25,116.25,114.00,116.00,3270900,106.66
2001-01-22,110.94,115.00,110.88,113.12,2783800,104.02
2001-01-19,108.00,111.00,107.81,110.94,2760600,102.01
2001-01-18,109.50,109.88,107.25,107.50,2583900,98.85
2001-01-17,109.75,114.88,109.31,110.00,3212700,101.04
2001-01-16,108.81,113.00,108.06,110.00,2267800,101.04
2001-01-12,110.44,110.88,108.75,108.75,1806000,99.89
2001-01-11,108.50,112.12,107.50,110.50,3674000,101.49
2001-01-10,102.25,108.94,102.25,108.50,2716200,99.66
2001-01-09,107.62,108.50,103.31,104.75,2295200,96.21
2001-01-08,106.50,107.31,102.62,106.38,2169500,97.71
2001-01-05,109.00,111.00,105.75,107.88,4328600,99.08
2001-01-04,113.75,116.75,111.00,112.75,5867200,103.56
2001-01-03,100.06,115.50,98.88,115.50,7355200,106.09
2001-01-02,104.38,105.50,97.50,100.25,3202400,92.08
2000-12-29,107.19,108.38,106.31,106.94,2075000,98.22
2000-12-28,101.00,107.50,101.00,107.12,2483600,98.39
2000-12-27,100.50,102.94,100.00,101.88,1782500,93.57
2000-12-26,98.50,102.56,97.38,101.81,2198000,93.51
2000-12-22,95.50,100.56,94.06,98.81,2642900,90.76
2000-12-21,90.00,94.94,88.69,93.81,3072000,86.17
2000-12-20,87.75,93.12,87.75,90.00,3840500,82.67
2000-12-19,87.25,95.00,86.50,89.38,6007800,82.09
2000-12-18,89.00,90.88,85.88,85.94,3077600,78.93
2000-12-15,87.00,87.00,83.88,86.69,2963100,79.62
2000-12-14,91.38,92.12,86.62,87.44,3131400,80.31
2000-12-13,93.12,95.38,91.81,94.06,2573500,86.40
2000-12-12,95.50,95.56,91.75,92.44,1789200,84.90
2000-12-11,91.62,96.38,91.38,96.00,3869700,88.18
2000-12-08,88.00,92.06,88.00,91.88,2063500,84.39
2000-12-07,87.69,88.69,84.62,85.88,1555400,78.88
2000-12-06,87.75,93.12,86.19,87.75,3785000,80.60
2000-12-05,84.00,89.88,83.38,88.75,3981000,81.52
2000-12-04,80.50,82.94,80.25,81.75,1601500,75.09
2000-12-01,82.12,85.38,81.69,82.00,1380900,75.32
2000-11-30,81.88,82.44,77.00,82.12,2514000,75.43
2000-11-29,81.62,82.88,80.12,82.88,2329300,76.12
2000-11-28,83.75,84.25,80.50,80.50,1701300,73.94
2000-11-27,82.50,83.50,81.06,82.50,1883700,75.78
2000-11-24,80.75,82.50,80.69,81.50,1086200,74.86
2000-11-22,82.88,83.12,79.25,79.94,2296900,73.42
2000-11-21,82.00,84.75,79.62,84.19,2066800,77.33
2000-11-20,88.00,88.19,82.75,83.00,1663000,76.24
2000-11-17,91.19,91.31,86.50,88.06,1398800,80.89
2000-11-16,90.06,93.38,88.88,91.44,1223400,83.99
2000-11-15,87.25,92.25,87.06,90.06,1851400,82.72
2000-11-14,90.00,92.00,88.25,88.88,2167100,81.63
2000-11-13,86.38,87.94,83.31,86.38,3201700,79.34
2000-11-10,89.00,91.62,87.12,89.19,2604300,81.92
2000-11-09,92.00,93.00,89.25,91.88,1845200,84.39
2000-11-08,92.50,93.50,90.62,92.44,2051000,84.90
2000-11-07,96.06,97.00,93.00,93.75,1756700,86.11
2000-11-06,98.38,99.25,96.00,96.06,1927800,88.23
2000-11-03,99.25,101.62,99.25,100.44,1658600,92.25
2000-11-02,97.62,100.00,96.31,99.25,1505800,91.16
2000-11-01,96.75,97.75,94.56,96.69,2094600,88.81
2000-10-31,95.50,101.44,94.19,99.81,1863800,91.68
2000-10-30,92.75,98.44,92.62,96.50,1803800,88.64
2000-10-27,94.00,95.75,91.88,93.00,2097000,85.42
2000-10-26,96.19,98.00,90.88,92.94,2352000,85.36
2000-10-25,99.38,100.38,95.75,96.19,2166600,88.35
2000-10-24,103.62,106.50,99.00,101.12,1904000,92.88
2000-10-23,104.69,105.12,101.25,102.44,2019600,94.09
2000-10-20,100.56,106.31,99.75,104.94,1707400,96.39
2000-10-19,101.75,104.44,99.75,100.56,2322600,92.37
2000-10-18,95.50,101.44,91.88,98.00,4426400,89.90
2000-10-17,103.38,103.81,96.25,99.25,2111700,91.05
2000-10-16,99.75,106.06,98.50,103.62,3475400,95.06
2000-10-13,94.31,102.00,94.31,101.50,2798700,93.11
2000-10-12,104.00,104.00,94.06,94.31,3723100,86.52
2000-10-11,99.50,106.00,96.56,104.00,5509500,95.41
2000-10-10,105.31,105.75,100.00,102.69,2744500,94.20
2000-10-09,107.00,107.62,103.69,105.25,1612200,96.55
2000-10-06,113.38,113.62,105.44,108.88,3625100,99.88
2000-10-05,109.75,115.94,109.75,114.88,1853900,105.38
2000-10-04,113.50,113.56,108.62,109.44,1757900,100.40
2000-10-03,115.62,116.88,113.00,113.88,1502600,104.47
2000-10-02,113.12,116.88,113.12,115.38,1258700,105.84
2000-09-29,111.50,117.25,111.44,114.06,2193700,104.64
2000-09-28,107.00,114.56,107.00,113.00,1891700,103.66
2000-09-27,111.00,111.75,105.75,107.06,2008800,98.22
2000-09-26,115.12,115.62,109.50,110.88,2032900,101.71
2000-09-25,116.12,118.69,116.06,116.50,1337900,106.87
2000-09-22,110.00,115.50,109.50,114.88,2382900,105.38
2000-09-21,114.00,114.31,111.25,113.25,2324000,103.89
2000-09-20,121.50,122.94,114.94,118.00,2067500,108.25
2000-09-19,118.56,121.44,115.31,119.94,3284700,110.03
2000-09-18,124.00,124.12,117.75,118.56,2410400,108.77
2000-09-15,128.00,128.12,124.31,124.88,1441100,114.56
2000-09-14,129.38,131.75,128.69,129.00,1278100,118.34
2000-09-13,129.25,130.75,127.38,128.50,1437400,117.88
2000-09-12,132.31,133.62,129.69,131.31,1905100,120.46
2000-09-11,127.00,132.44,126.31,132.00,2718400,121.09
2000-09-08,127.50,129.19,124.00,124.25,1358800,113.98
2000-09-07,127.88,129.50,125.94,128.69,1046800,118.05
2000-09-06,128.69,132.88,127.50,128.12,2104200,117.54
2000-09-05,128.69,130.06,127.19,128.81,1184400,118.17
2000-09-01,128.00,129.81,127.12,129.62,993800,118.91
2000-08-31,124.50,129.50,123.88,129.50,1394100,118.80
2000-08-30,125.50,126.50,123.12,123.69,2136000,113.47
2000-08-25,118.50,120.19,117.12,119.38,984200,109.51
2000-08-24,119.06,120.88,117.94,118.25,1049600,108.48
2000-08-23,119.75,119.75,118.06,119.00,1650600,109.17
2000-08-22,117.94,121.50,117.75,119.88,2178800,109.97
2000-08-21,116.94,118.75,116.25,117.81,1082000,108.08
2000-08-18,118.88,119.00,116.00,117.00,853900,107.33
2000-08-17,113.06,118.88,113.06,118.62,1780400,108.82
2000-08-16,117.00,118.38,111.62,113.00,2521000,103.66
2000-08-15,120.81,120.81,117.75,118.19,1548900,108.42
2000-08-14,118.00,121.75,116.62,120.75,2121700,110.77
2000-08-11,111.75,119.88,111.75,119.88,1489600,109.97
2000-08-10,115.38,116.75,111.38,112.00,1188900,102.75
2000-08-09,113.00,116.75,111.88,114.94,1488800,105.44
2000-08-08,114.06,115.31,112.81,113.00,1984600,103.66
2000-08-07,111.50,115.00,109.75,114.06,2457700,104.64
2000-08-04,109.00,112.94,108.00,111.25,3709300,102.06
2000-08-03,101.62,105.62,100.50,105.62,2700200,96.90
2000-08-02,99.25,102.94,99.25,102.12,13171500,93.69
2000-08-01,99.00,102.25,97.00,100.62,1990600,92.31
2000-07-31,96.00,98.94,94.50,98.69,1734100,90.53
2000-07-28,100.12,101.06,95.94,98.50,1370800,90.36
2000-07-27,105.75,106.38,99.88,100.00,1299100,91.74
2000-07-26,105.62,105.94,102.75,105.94,1247400,97.18
2000-07-25,105.75,106.75,103.69,106.00,1092500,97.24
2000-07-24,104.75,106.94,102.75,105.38,1457700,96.67
2000-07-21,103.62,105.69,102.81,104.25,1155300,95.64
2000-07-20,101.00,104.94,101.00,103.69,1027700,95.12
2000-07-19,103.19,103.56,100.31,100.75,874200,92.32
2000-07-18,102.00,104.25,101.12,103.88,2449700,95.18
2000-07-17,104.06,104.12,100.00,100.00,1225000,91.63
2000-07-14,104.25,105.25,102.88,104.19,1143000,95.47
2000-07-13,100.50,104.25,99.50,104.25,2207300,95.52
2000-07-12,100.12,104.25,100.12,101.94,2751000,93.40
2000-07-11,97.56,99.19,97.06,98.50,1249100,90.25
2000-07-10,94.88,98.88,93.81,97.69,1498700,89.51
2000-07-07,93.19,95.25,90.94,94.94,1265600,86.99
2000-07-06,90.00,94.00,88.38,93.19,3343100,85.39
2000-07-05,94.38,97.00,93.88,95.94,1077000,87.91
2000-07-03,94.38,94.94,93.44,94.94,453100,86.99
2000-06-30,93.00,95.94,92.56,94.78,2540600,86.85
2000-06-29,90.12,93.12,88.31,92.62,1385400,84.87
2000-06-28,88.00,90.94,88.00,89.88,1180400,82.35
2000-06-27,87.75,89.38,87.62,88.31,1175700,80.92
2000-06-26,86.75,88.00,85.75,87.75,1175700,80.40
2000-06-23,85.25,87.00,84.00,86.00,1616700,78.80
2000-06-22,86.62,86.62,82.00,84.25,1480100,77.20
2000-06-21,88.00,88.38,84.25,86.62,2875200,79.37
2000-06-20,91.50,93.44,87.38,89.00,2362600,81.55
2000-06-19,90.19,93.00,89.50,91.62,2092900,83.95
2000-06-16,90.25,91.44,87.62,89.94,1792300,82.41
2000-06-15,89.94,90.81,87.00,90.25,2120900,82.69
2000-06-14,85.19,90.38,84.81,89.94,1953600,82.41
2000-06-13,83.50,85.75,82.62,85.12,773200,78.00
2000-06-12,83.31,84.31,81.75,83.31,732800,76.34
2000-06-08,86.88,87.62,85.06,85.06,1255000,77.94
2000-06-07,82.88,88.00,82.38,86.69,1319900,79.43
2000-06-06,84.00,85.12,81.75,83.12,1033200,76.17
2000-06-05,86.88,87.88,84.50,84.50,1576600,77.43
2000-06-01,74.56,77.69,73.63,76.37,1684900,69.98
2000-05-31,72.00,74.87,71.12,73.56,1363800,67.40
2000-05-30,71.50,73.44,70.63,72.00,2205300,65.97
2000-05-26,73.12,73.37,69.38,69.81,2378100,63.97
2000-05-25,80.50,83.38,71.94,73.00,4030100,66.89
2000-05-24,82.63,83.62,79.50,80.00,1530200,73.30
2000-05-23,81.88,85.50,81.50,82.81,1203900,75.88
2000-05-22,83.50,83.87,80.62,82.00,1345600,75.14
2000-05-19,84.25,85.00,82.12,84.56,1537500,77.48
2000-05-18,83.87,87.50,83.87,85.25,1493000,78.11
2000-05-17,85.12,86.00,83.00,84.69,1231000,77.60
2000-05-16,88.00,89.25,84.00,85.50,2538400,78.34
2000-05-15,83.81,88.00,83.81,87.06,1668900,79.77
2000-05-12,80.25,84.88,80.25,83.78,1911200,76.77
2000-05-11,81.50,83.25,80.44,80.87,2276000,74.10
2000-05-10,83.00,83.69,80.56,81.44,2340600,74.62
2000-05-09,86.00,87.00,84.75,85.63,1739100,78.46
2000-05-08,86.00,87.88,85.75,87.31,2817000,80.00
2000-05-05,89.38,92.19,87.44,89.87,1378100,82.35
2000-05-04,91.37,92.00,88.12,90.19,920700,82.64
2000-05-03,92.25,95.75,89.69,91.12,1931000,83.50
2000-05-02,95.00,97.63,92.50,93.00,1666500,85.21
2000-05-01,93.25,101.62,93.25,97.00,2319300,88.88
2000-04-28,96.25,97.50,90.88,93.25,1145600,85.44
2000-04-27,91.50,96.25,90.38,95.19,1772400,87.22
2000-04-26,97.56,99.13,94.00,94.50,1626100,86.59
2000-04-25,88.63,97.88,87.50,97.06,1341500,88.94
2000-04-24,88.81,91.50,84.62,86.87,1764300,79.60
2000-04-20,91.81,91.81,88.00,88.81,1061100,81.38
2000-04-19,93.44,93.50,89.62,92.06,1390200,84.36
2000-04-18,87.50,94.94,86.87,93.75,2191500,85.79
2000-04-17,81.75,87.75,81.00,87.50,3489600,80.07
2000-04-14,92.75,92.75,79.44,82.75,4855800,75.73
2000-04-13,96.75,98.12,92.31,95.25,3377700,87.16
2000-04-12,106.50,107.25,96.50,96.56,2598500,88.37
2000-04-11,107.12,108.31,104.31,104.81,1147200,95.92
2000-04-10,104.00,109.12,103.56,107.06,1749900,97.97
2000-04-07,106.25,107.25,101.19,102.50,1373500,93.80
2000-04-06,101.00,106.00,100.00,106.00,1675700,97.00
2000-04-05,97.50,99.62,93.50,97.44,3238700,89.17
2000-04-04,106.00,106.25,91.12,98.25,3739600,89.91
2000-04-03,108.75,110.81,105.50,105.50,1789500,96.54
2000-03-31,108.00,111.88,103.31,105.25,1693300,96.32
2000-03-30,112.63,115.00,105.13,106.88,1241200,97.80
2000-03-29,114.00,116.12,110.75,114.19,754300,104.49
2000-03-28,109.50,115.50,108.50,113.25,1649400,103.64
2000-03-27,118.25,119.38,111.75,112.00,1315000,102.49
2000-03-24,119.00,128.00,117.69,121.31,1934400,111.01
2000-03-23,116.50,119.00,115.12,119.00,1656900,108.90
2000-03-22,114.88,117.94,114.81,117.16,1258900,107.21
2000-03-21,111.00,119.81,106.50,118.25,2692800,108.21
2000-03-20,117.62,123.00,112.56,113.44,2254000,103.81
2000-03-17,104.12,117.38,103.25,116.50,2099400,106.61
2000-03-16,103.88,105.00,99.25,103.31,2024800,94.54
2000-03-15,102.50,105.50,101.38,103.56,700300,94.77
2000-03-14,111.50,112.88,103.50,104.75,653100,95.86
2000-03-13,107.50,115.50,106.50,110.38,1454200,101.01
2000-03-10,109.75,119.00,108.50,112.25,2034400,102.72
2000-03-09,101.75,108.19,101.25,107.19,535500,98.09
2000-03-08,105.00,105.38,99.69,101.75,1041100,93.11
2000-03-07,103.94,105.75,102.44,104.87,1041300,95.97
2000-03-06,102.75,105.25,102.38,103.69,1421000,94.89
2000-03-03,97.00,102.50,96.75,102.50,2295900,93.80
2000-03-02,95.25,97.88,94.12,96.25,1819200,88.08
2000-03-01,93.25,96.75,93.19,94.75,1488900,86.71
2000-02-29,88.75,92.50,88.00,92.50,1381200,84.65
2000-02-28,89.25,89.25,87.00,88.00,518000,80.53
2000-02-25,89.44,94.00,88.25,89.25,1333000,81.67
2000-02-24,85.81,89.94,85.50,89.62,1199800,82.02
2000-02-22,81.25,82.37,80.69,81.56,720100,74.64
2000-02-18,84.50,84.50,80.75,80.81,925500,73.95
2000-02-17,84.75,84.75,81.13,82.12,895500,75.15
2000-02-16,86.75,87.31,82.88,82.94,720300,75.90
2000-02-15,86.25,86.62,85.12,86.50,542400,79.16
2000-02-14,85.12,86.87,84.62,86.50,627800,79.16
2000-02-11,86.44,88.75,85.00,85.12,856900,77.90
2000-02-10,86.75,87.31,85.50,86.62,503200,79.27
2000-02-09,89.44,89.44,86.56,86.75,397100,79.39
2000-02-08,85.75,89.62,85.75,89.44,1024800,81.85
2000-02-07,84.44,86.50,83.50,85.75,929800,78.47
2000-02-04,87.25,87.25,83.56,84.69,1451700,77.50
2000-02-03,90.00,91.12,84.81,85.37,2213300,78.13
2000-02-02,90.75,91.63,88.63,91.12,964700,83.39
2000-02-01,92.87,93.00,90.50,91.25,813100,83.50
2000-01-31,87.00,91.69,86.50,91.63,801800,83.85
2000-01-28,87.50,88.00,86.12,87.00,776800,79.61
2000-01-27,88.25,89.94,87.62,89.00,702000,81.44
2000-01-26,84.13,88.50,84.13,88.25,1086600,80.76
2000-01-25,83.00,84.19,82.37,83.87,749300,76.75
2000-01-24,87.50,87.50,81.50,81.75,712900,74.81
2000-01-21,86.19,86.19,84.56,85.69,542500,78.41
2000-01-20,87.00,87.94,84.88,85.94,621800,78.64
2000-01-19,86.76,89.25,86.63,87.44,636900,79.91
2000-01-18,84.88,89.00,84.63,86.76,1095700,79.28
2000-01-14,85.38,86.82,85.20,85.51,607000,78.14
2000-01-13,85.01,85.01,82.76,84.38,711000,77.11
2000-01-12,84.01,85.88,83.26,84.26,916100,77.00
2000-01-11,84.88,86.13,84.45,84.70,808600,77.40
2000-01-10,81.64,84.76,81.64,84.26,803100,77.00
2000-01-07,82.95,83.07,79.77,82.45,1127400,75.35
2000-01-06,78.52,84.38,78.52,82.14,1845100,75.06
2000-01-05,80.76,81.76,78.27,78.77,1516600,71.98
2000-01-04,86.88,87.38,82.14,82.64,1647700,75.52
2000-01-03,94.06,94.25,87.63,88.19,1822600,80.59
1999-12-31,91.81,94.68,91.37,94.06,383500,85.96
1999-12-30,89.88,92.75,89.44,92.06,969200,84.13
1999-12-29,85.38,88.07,85.26,87.88,794800,80.31
1999-12-28,81.95,85.57,81.95,84.88,821800,77.57
1999-12-27,80.39,82.76,80.39,81.95,389200,74.89
1999-12-23,80.89,82.32,80.58,80.89,532000,73.92
1999-12-22,80.89,81.26,79.02,79.58,526800,72.72
1999-12-21,80.51,82.89,79.39,80.83,1189900,73.86
1999-12-20,81.89,83.51,80.64,81.76,1302600,74.72
1999-12-17,78.52,80.45,78.33,80.08,542100,73.18
1999-12-16,79.08,79.39,77.64,78.45,307900,71.70
1999-12-15,77.64,79.39,77.64,79.33,1073800,72.49
1999-12-14,81.33,81.33,77.71,78.64,1105800,71.87
1999-12-13,81.39,82.82,80.95,81.95,938500,74.89
1999-12-10,79.89,82.32,79.45,81.89,1386300,74.83
1999-12-09,80.64,82.14,79.64,79.89,1205700,73.01
1999-12-08,81.70,81.70,79.89,79.89,732200,73.01
1999-12-07,77.14,80.83,77.14,80.83,883100,73.86
1999-12-06,79.08,79.20,76.46,76.89,295100,70.27
1999-12-03,78.39,80.58,78.27,78.95,669500,72.15
1999-12-02,76.15,77.52,76.15,77.39,453600,70.73
1999-12-01,74.65,76.08,74.65,76.08,500000,69.53
1999-11-30,74.65,77.02,74.40,75.02,925000,68.56
1999-11-29,77.14,77.14,74.27,74.40,517900,67.99
1999-11-26,77.08,77.64,76.52,77.21,107600,70.56
1999-11-24,77.39,77.64,76.64,77.02,515700,70.38
1999-11-23,79.83,80.51,77.39,77.64,656300,70.95
1999-11-22,79.39,80.14,78.39,79.58,329900,72.72
1999-11-19,79.89,80.76,79.52,79.83,329600,72.95
1999-11-18,79.70,81.01,79.14,80.08,1111500,73.18
1999-11-17,81.01,81.26,78.45,79.45,1245400,72.61
1999-11-16,78.27,82.89,78.27,82.70,1505100,75.57
1999-11-15,78.64,79.83,77.14,77.89,997100,71.18
1999-11-12,73.84,79.70,73.65,79.64,2227700,72.78
1999-11-11,71.90,73.40,71.46,73.21,574300,66.91
1999-11-10,70.90,72.65,70.53,71.84,678700,65.65
1999-11-09,73.40,73.46,71.65,71.78,695600,65.59
1999-11-08,73.40,73.40,72.40,72.90,651600,66.62
1999-11-05,71.90,74.21,71.15,73.59,1304900,67.25
1999-11-04,69.59,70.65,69.34,70.03,570400,64.00
1999-11-03,69.72,69.78,68.22,68.66,924000,62.74
1999-11-02,69.09,71.65,69.03,69.65,543000,63.65
1999-11-01,70.40,70.90,69.22,69.28,949300,63.31
1999-10-29,71.96,73.65,70.09,70.90,2490500,64.79
1999-10-28,64.41,72.40,64.41,71.90,3983400,65.71
1999-10-27,61.98,64.66,61.91,64.29,1412500,58.75
1999-10-26,63.41,64.47,61.73,61.73,650200,56.41
1999-10-25,64.85,64.91,63.16,63.91,665000,58.41
1999-10-22,62.66,65.66,62.60,65.41,1644700,59.78
1999-10-21,61.17,61.73,61.04,61.73,281900,56.41
1999-10-20,60.30,62.17,60.30,61.55,499800,56.13
1999-10-19,59.30,60.80,59.30,60.18,1082700,54.88
1999-10-18,60.05,60.05,57.75,59.05,732700,53.86
1999-10-15,60.30,60.42,58.06,59.55,1088000,54.32
1999-10-14,60.30,62.36,58.68,61.79,1016000,56.36
1999-10-13,62.17,62.42,60.49,60.80,393000,55.45
1999-10-12,63.48,63.54,62.54,62.73,644200,57.21
1999-10-11,63.54,63.73,63.29,63.48,229300,57.90
1999-10-08,62.29,63.73,61.67,63.73,488800,58.12
1999-10-07,63.79,63.91,62.98,62.98,366300,57.44
1999-10-06,61.92,63.79,61.61,63.79,944200,58.18
1999-10-05,61.92,63.04,61.17,62.04,1040500,56.59
1999-10-04,59.30,61.48,59.30,61.48,739400,56.08
1999-10-01,60.80,61.05,58.12,58.99,793300,53.80
1999-09-30,61.73,62.29,60.80,60.80,1113400,55.45
1999-09-29,62.17,62.54,60.92,61.23,800900,55.85
1999-09-28,61.11,62.04,60.86,62.04,819900,56.59
1999-09-27,61.79,62.42,61.05,61.36,624700,55.96
1999-09-24,60.86,61.98,60.67,61.73,831400,56.30
1999-09-23,61.55,62.04,60.55,60.61,889800,55.28
1999-09-22,59.74,61.79,58.87,61.11,1534700,55.74
1999-09-21,60.36,61.55,58.18,58.93,2369100,53.75
1999-09-20,59.86,60.55,59.30,60.55,721800,55.23
1999-09-17,58.43,59.86,58.31,59.86,1116700,54.60
1999-09-16,58.37,58.93,57.25,57.50,753200,52.44
1999-09-15,59.93,59.93,57.87,58.12,970200,53.01
1999-09-14,61.17,61.17,58.56,59.18,1160600,53.98
1999-09-13,61.98,62.60,61.79,61.92,250700,56.47
1999-09-10,62.17,62.88,61.42,62.88,636300,57.36
1999-09-09,62.29,62.36,60.80,61.55,448800,56.13
1999-09-08,62.23,63.41,61.92,62.36,732100,56.87
1999-09-07,62.79,64.22,62.23,62.29,813600,56.82
1999-09-03,60.55,62.92,60.55,62.92,754900,57.38
1999-09-02,59.30,60.24,58.68,59.05,727600,53.86
1999-09-01,60.36,60.49,59.61,60.11,560100,54.83
1999-08-31,59.30,60.30,58.49,59.61,496600,54.37
1999-08-30,61.55,61.55,59.12,59.12,438100,53.92
1999-08-27,62.79,62.79,61.30,61.36,265300,55.96
1999-08-26,63.79,64.66,62.54,62.54,378400,57.04
1999-08-25,62.92,64.10,62.11,63.79,449900,58.18
1999-08-24,63.35,64.78,62.60,63.23,894200,57.67
1999-08-23,62.60,63.60,62.42,63.41,837200,57.84
1999-08-20,61.61,62.73,61.42,62.11,439600,56.65
1999-08-19,61.42,62.29,60.61,61.36,624600,55.96
1999-08-18,62.79,62.79,60.86,62.11,819300,56.65
1999-08-17,63.04,64.29,62.42,62.79,936900,57.27
1999-08-16,62.79,62.79,60.67,62.67,762600,57.16
1999-08-13,62.23,63.04,61.86,62.92,557400,57.38
1999-08-12,61.23,61.98,60.36,60.49,832800,55.17
1999-08-11,57.68,61.36,57.25,61.30,1369200,55.91
1999-08-10,56.06,57.00,55.00,56.81,1817400,51.82
1999-08-09,56.19,57.19,55.51,55.51,1347500,50.52
1999-08-06,58.62,58.62,55.69,55.94,1308500,50.91
1999-08-05,59.49,59.67,57.50,58.93,1539900,53.63
1999-08-04,60.23,61.16,59.67,59.67,1281600,54.31
1999-08-03,62.47,62.47,60.42,60.48,837700,55.04
1999-08-02,63.90,64.21,62.03,62.47,566400,56.85
1999-07-30,64.65,64.65,63.28,63.96,629600,58.21
1999-07-29,65.14,65.14,64.15,64.65,646000,58.83
1999-07-28,64.89,66.01,63.65,65.70,584800,59.80
1999-07-27,63.90,65.39,62.97,65.14,592200,59.29
1999-07-26,63.90,64.40,62.84,62.90,749500,57.25
1999-07-23,66.01,66.01,63.65,63.71,767200,57.99
1999-07-22,67.75,67.88,66.14,66.14,579500,60.19
1999-07-21,67.63,67.69,66.76,67.50,626100,61.44
1999-07-20,68.75,70.05,67.50,67.75,886100,61.66
1999-07-19,67.88,70.36,67.88,69.06,646100,62.85
1999-07-16,67.38,68.38,67.38,67.69,476700,61.61
1999-07-15,67.63,67.63,67.13,67.57,864700,61.49
1999-07-14,67.01,67.38,66.95,67.26,888200,61.21
1999-07-13,67.88,68.31,67.26,67.50,969600,61.44
1999-07-12,67.63,68.56,67.50,68.00,547700,61.89
1999-07-09,67.07,67.82,66.88,66.88,312700,60.87
1999-07-08,67.63,68.50,66.82,66.88,424400,60.87
1999-07-07,69.18,69.62,67.63,67.63,648800,61.55
1999-07-06,69.62,70.80,68.87,70.12,747600,63.81
1999-07-02,70.18,70.80,69.31,70.55,536900,64.21
1999-07-01,70.99,71.05,69.37,70.43,813600,64.10
1999-06-30,68.13,71.86,65.76,71.86,2127600,65.40
1999-06-29,65.64,68.13,65.64,67.38,629800,61.32
1999-06-28,66.08,67.13,65.39,66.20,784600,60.25
1999-06-25,65.14,66.45,65.02,65.89,1111500,59.97
1999-06-24,65.70,66.14,64.15,64.71,1408900,58.89
1999-06-23,66.70,67.07,64.52,64.65,1351700,58.83
1999-06-22,69.74,69.74,67.38,67.63,1165900,61.55
1999-06-21,66.32,69.56,66.20,69.12,1811000,62.91
1999-06-18,63.90,64.52,63.15,64.46,613900,58.66
1999-06-17,64.15,66.51,64.15,64.65,955700,58.83
1999-06-16,63.59,65.08,63.59,64.89,690300,59.06
1999-06-15,62.53,63.03,61.91,62.41,831700,56.80
1999-06-14,63.15,63.65,60.17,60.92,821100,55.44
1999-06-11,63.59,63.96,61.97,62.90,969300,57.25
1999-06-10,64.52,64.58,62.97,63.03,664200,57.36
1999-06-09,63.90,65.14,63.28,65.14,611400,59.29
1999-06-08,65.02,65.33,63.40,63.40,571700,57.70
1999-06-07,64.83,67.38,64.83,65.58,891900,59.68
1999-06-04,63.96,66.63,63.96,65.02,1357400,59.17
1999-06-03,63.65,63.84,62.78,63.28,852600,57.59
1999-06-02,63.40,63.71,61.66,62.90,2204300,57.25
1999-06-01,66.26,66.26,63.22,63.84,953900,58.10
1999-05-28,67.38,68.44,66.63,67.57,901900,61.49
1999-05-27,64.65,67.38,64.33,67.38,1220500,61.32
1999-05-26,65.27,66.26,62.72,65.70,1602900,59.80
1999-05-25,63.78,65.58,63.65,64.15,1662400,58.38
1999-05-24,66.63,66.88,64.65,64.96,1493000,59.12
1999-05-21,67.75,68.44,67.13,67.13,936200,61.10
1999-05-20,69.18,69.74,68.00,68.00,520800,61.89
1999-05-19,69.00,69.43,68.38,68.93,727400,62.74
1999-05-18,67.88,70.05,67.75,68.25,1407100,62.12
1999-05-17,68.75,69.87,67.63,68.25,2075000,62.12
1999-05-14,70.86,71.86,68.69,69.80,2058400,63.53
1999-05-13,72.85,74.84,72.10,72.79,1142900,66.24
1999-05-12,70.61,74.47,68.75,73.10,2659300,66.53
1999-05-11,69.62,70.80,69.12,70.24,1839800,63.93
1999-05-10,72.97,73.10,69.87,70.30,2589400,63.98
1999-05-07,67.57,74.47,66.39,73.72,4862300,67.09
1999-05-06,67.63,69.00,66.70,67.57,2905700,61.49
1999-05-05,69.49,69.49,65.89,68.75,7565700,62.57
1999-05-04,75.59,76.83,69.62,69.99,22320900,63.70
